0,32.09,16.008,7.3082,9.7309,10.161,6.5795,2.3,11.016,7.1589,16.317,11.029,27.423,2.6249,8.3241,2.0616,6.5,4.3081,6.1847,5.3141,6.0033,9.0934,9.005,10.358,2.0025,4.1761,12.369,15.564,13.79,12.258,7.5604,6.2801,7.6968,14.671,16.28,4.2059,25.005,6.8964,5.0804,1.4866,7.2277,2.119,2.2825,4.6519,4.1183,9.067,7.0007,4.0447,6.8,6.0008,5.3151,27.616,21.52,6.3253,4.2202,3.4482,9.067,11.065,11.116,1.3,14.128,7.0114,9.067,11.002,4.0262,16.793,0.5,2.119,1.4,3.6056,9.0089,13.257,6.1,15.096,10.198,2.0591,9.0554,6.8622,0.7,32.237,8.0623,1.1662,5.5036,5.6569,4.2942,84.545,8.9,10,24.088,9.0449,6.2936,38.823,43.738,27.645,29.574,23.417,20.18,48.21,26.318,45.689,33.022,35.26,22.366,21.242,18.31,22.73,36.89,32.617,43.919,31.8,22.909,27.233,31.671,28.086,33.835,16.28,22.909,15.154,3.662,2.6926,8.4758,1.4142,7.0114,4.5177,3.7202,9.0272,1.2207,12.932,20.036,36.167,27.904,18.439,17.682,27.595,24.084,10.6,6.5299,35.945,19.085,11.461,20.991,21.61,17.106,20.18,18.763,26.515,17.391,26.322,43.481,32.339,31.671,18.461,39.699,38.482,42.314,42.389,33.17,29.296,34.048,41.105,19.242,23.174,12.278,22.73,33.8,23.614,35.945,2.2825,1.6,18.26,37.63,4.9244,6.0033,1.2207,33.347,39.55,1.7205,28.552,0
32.09,0,16.112,39.259,23.795,42.209,38.341,32.343,21.213,39.01,16.02,21.242,5.5462,30.279,24.456,30.14,26.458,36.222,38.2,37.238,26.093,23.296,23.096,22.002,34.078,28.026,20.009,18.53,19.127,20,26.093,27.036,25.013,19.503,20.39,28.022,7.5769,26.019,27.201,31.027,25.007,34.042,34.18,34.048,34.021,41.021,27.115,36.045,26.012,38.082,36.017,6.0465,11.238,36.087,33.044,35.007,41.021,43.15,43.186,32.213,46.201,39.1,41.149,43.079,31.036,16.226,32.056,34.042,32.225,34.005,41.049,45.277,38.161,47.178,42.23,31.283,23.25,37.071,32.045,9.6104,40.024,31.052,37.297,28.046,34.029,58.085,40.493,42.069,14.469,41.027,38.243,14.709,18.755,11.72,15.118,9.2195,13.724,22.302,11.6,22.516,11.574,14.435,16.042,11.029,20.307,14.648,20.619,10.591,25.479,15.243,16.648,10.934,13.029,12.536,21.568,20.39,16.648,18.318,35.001,33,40.337,33.175,39.1,36.28,35.001,41.117,31.155,21.456,15.394,12.44,16.142,14.091,19.864,5.9908,12.44,23.222,27.06,17.515,19.426,22.232,16.327,11.327,15.008,13.724,17.628,15.93,18.165,13.754,23.592,16.191,13.029,14.103,22.422,20.424,26.419,25.4,20.624,16.473,26.765,23.4,14.675,13.257,20.001,14.648,22.846,13.841,17.515,34.025,32.01,17.233,17.4,30.073,38.064,33.145,2.6,19.426,33.218,11.152,0
16.008,16.112,0,23.146,8.1633,26.102,22.232,16.243,5.1196,23.022,2.7,5.1662,11.811,14.172,8.4758,14.036,10.44,20.11,22.091,21.126,10.004,7.2277,7.0029,6.3906,18.004,12.02,4.717,6.6098,5.0804,4.4721,10.808,11.484,9.3963,6.9778,9.7719,12.027,9.0554,10.412,11.089,15.012,9.0934,18.001,18.071,18.376,18.265,25.007,11.847,20,10.358,22.008,20.224,12.21,6.5299,20.478,17.377,19.038,25.007,27.053,27.082,16.101,30.096,23.018,25.051,27.009,15.381,4.6,16,18.001,16.112,18.173,25,29.165,22.058,31.078,26.12,15.175,7.1589,21.416,16.001,17.991,24.005,15,21.186,12.5,18.3,71.169,24.4,26.005,12.357,25.003,22.131,25.034,30.025,14.446,17.751,8.0131,6.9778,34.39,13.042,32.74,19.31,22.152,11.691,5.6824,11.476,11.049,25.813,18.636,32.7,19.664,12.661,13.678,18.668,15.241,24.048,9.7719,12.661,5.6648,19.067,17.117,24.226,17.066,23.018,20.168,19.076,25.029,15.048,8.043,8.5376,22.215,16.825,4.0311,10.492,12.167,11.068,8.6608,11.606,23.843,11.344,7.8746,10.492,6.7941,1.7205,6.9778,9.3,15.508,8.36,14.152,31.64,20.501,18.668,4.1183,28.557,26.875,32.03,31.643,23.123,18.157,26.771,29.935,6.6098,10.559,4.5177,11.049,24.635,11.449,23.843,18.01,16.038,8.3,25.07,14.56,22.002,17.042,17.535,27.252,17.106,15.089,0
7.3082,39.259,23.146,0,16.08,3.015,1.1662,7.0029,18.062,3.6,23.603,18.047,34.693,9.0089,15.001,9.1411,13.006,3.0414,1.1662,2.0224,13.202,16.02,16.179,17.665,5.4626,11.484,19.673,22.808,21.092,19.549,14.625,13.372,14.97,21.891,23.273,11.513,32.04,14.116,12.06,8.6163,14.533,5.7306,5.099,8.043,7.5822,3.7736,13.892,4.0361,14.039,2.2361,6.353,34.906,28.814,7.6158,8.6279,5.5172,3.7736,4.1,4.0311,7.0456,7.0029,1.7,2.2361,4.4283,10,24.101,7.4673,5.7306,7.0349,7.1421,3.2016,6.0208,1.4142,8.01,3.0017,8.0056,16.038,7.088,7.5392,39.525,3.2573,8.4433,2.01,12.578,7.7337,91.615,2.0591,3.662,31.26,3.6056,1.0198,46.057,50.947,34.889,36.666,30.696,27.481,55.418,33.577,52.79,40.272,42.441,29.482,28.497,25.184,29.923,43.772,39.887,50.745,38.9,29.967,34.502,38.867,35.299,40.546,23.273,29.967,22.437,5.8,7.5604,1.2207,6.1,1.7,3,5.8728,2.4413,8.1216,20.08,27.273,43.424,34.934,25.733,24.646,34.883,31.347,17.756,13.553,42.995,26.023,18.663,28.132,28.911,24.331,27.481,25.896,33.565,24.552,33.496,50.422,39.396,38.867,25.757,46.558,45.431,48.978,49.143,39.94,36.307,40.239,47.952,26.537,30.424,19.573,29.923,40.396,30.829,42.995,5.9363,7.9177,25.452,44.728,11.161,2.508,6.1612,40.591,46.596,6.0407,35.808,0
9.7309,23.795,8.1633,16.08,0,19.095,15.033,9.1082,3.6892,16.824,9.829,3.5228,19.906,7.2801,1.7205,7.6968,3.2311,13.169,15.16,14.128,4.9204,2.4,4,6.4777,11.638,7.0007,7.341,11.63,9.2136,6.8877,8.8255,8.5,7.184,11.236,14.08,7.0711,16.317,7.7078,4.8826,9.3295,5.8523,11.847,11.303,13.543,13.202,18.629,9.4847,13.693,7.524,15.426,14.861,20.353,14.648,15.587,12.682,13.159,18.629,20.156,20.11,9.3145,23.07,16.337,18.187,20.304,11.034,11.245,9.9318,11.847,9.2892,12.88,18.461,22.027,15.224,24.083,19.076,8.2225,2.7,16.327,10.018,26.101,17.638,9.0824,14.07,9.181,13.314,79.269,17.001,19.357,19.602,18.578,15.108,33.11,38.108,22.277,25.224,16.174,14.5,42.5,20.863,40.697,27.336,30.071,18.446,13.842,16.286,18.2,33.2,26.707,40.215,27.281,19.294,21.593,26.519,22.984,30.956,14.08,19.294,10.735,13.328,11.766,17.024,10.358,16.337,13.098,13.372,18.248,8.544,10.689,15.403,30.303,24.005,11.844,15.338,20.307,18.742,9.3,8.8549,31.516,16.621,9.3536,17.066,14.881,9.7652,14.5,15.207,22.611,13.865,21.639,39.322,28.04,26.519,11.91,36.003,34.442,39.246,39.003,30.104,25.402,32.776,37.407,13.829,18.062,6.9778,18.2,31.325,18.822,31.516,12.002,10.445,14.327,32.882,10.781,15.499,10.44,25.461,35.018,10.261,23.005,0
10.161,42.209,26.102,3.015,19.095,0,4.1,10.012,21.034,4.4598,26.476,21.024,37.584,12,18.007,12.07,16.015,6.0033,4.0112,5,16.125,19.007,19.116,20.5,8.2225,14.318,22.518,25.494,23.874,22.416,17.233,16.011,17.72,24.555,25.76,14.339,35.024,16.824,15.027,11.376,17.377,8.3815,8.0306,10,9.6519,3.0676,16.428,6.4622,16.763,4.3463,8.0056,37.772,31.674,8.9939,10.762,7.8262,3.0676,1.1662,1.0198,10.012,4.0012,3.3106,1.2207,1.8868,12.389,26.9,10.261,8.3815,10.008,9.3295,2.4166,3.1048,4.0608,5.001,0.2,11,19.017,8.2006,10.308,42.249,3.4409,11.259,5.0249,15.154,9.7652,94.056,2.9,1.8,33.852,2.8792,4.0012,48.693,53.55,37.549,39.176,33.577,30.248,58.017,36.26,55.284,42.934,45.022,32.031,31.401,27.586,32.539,46.11,42.581,53.03,41.412,32.468,37.199,41.468,37.923,42.78,25.76,32.468,25.175,8.0131,9.9745,2.2361,9.0355,3.3106,6.0075,8.0623,1.4866,11.055,22.693,29.939,46.093,37.4,28.594,27.106,37.752,34.038,20.39,16.155,45.459,28.46,21.325,30.704,31.759,27.252,30.248,28.47,36.049,27.154,36.085,52.79,41.871,41.468,28.615,48.873,47.814,51.16,51.382,42.213,38.755,42.178,50.257,29.291,33.099,22.436,32.539,42.56,33.463,45.459,8.5094,10.562,28.078,47.229,13.553,4.4721,9.067,43.504,49.051,9.0089,38.483,0
6.5795,38.341,22.232,1.1662,15.033,4.1,0,6.0133,17.129,4.3174,22.777,17.106,33.842,8.0623,14.006,8.297,12.002,2.2825,1.2,1.3454,12.345,15.065,15.297,16.887,4.8826,10.734,18.881,22.142,20.354,18.736,14.046,12.777,14.276,21.243,22.743,10.77,31.078,13.461,11.146,7.9649,13.757,5.2498,4.3081,7.9756,7.4626,4.8415,13.37,3.8588,13.372,2.6,6.5146,34.077,27.996,7.8588,8.4404,5.3254,4.8415,5.2202,5.1196,6.1612,8.0399,2.508,3.4,5.5902,9.6208,23.342,6.8,5.2498,6.1392,6.9635,4.3139,7.0007,1.6,9.0554,4.0608,7.0576,15.096,7.4673,6.8964,38.81,4.2059,7.7389,1.077,12.037,7.6322,91.069,2.3324,4.826,30.647,4.6861,0.8,45.401,50.312,34.224,36.101,29.856,26.744,54.784,32.898,52.223,39.601,41.824,28.901,27.637,24.703,29.296,43.304,39.195,50.302,38.331,29.415,33.812,38.239,34.659,40.14,22.743,29.415,21.731,5.6604,7.2139,2.0025,5.2811,2.508,2.0881,5.7454,3.6056,7.2801,19.474,26.613,42.746,34.398,24.918,24.13,34.052,30.663,17.143,12.985,42.453,25.52,18.025,27.536,28.104,23.455,26.744,25.303,33.019,23.943,32.882,49.932,38.849,38.239,24.945,46.1,44.936,48.593,48.726,39.513,35.781,39.991,47.5,25.812,29.753,18.764,29.296,40.028,30.187,42.453,5.5172,7.3817,24.824,44.162,10.763,2.9,5.3852,39.715,46.057,5.1662,35.132,0
2.3,32.343,16.243,7.0029,9.1082,10.012,6.0133,0,11.131,7.9649,16.919,11.102,27.918,2.0881,8,2.6907,6.0033,4.0608,6.0531,5.0249,6.5,9.0554,9.368,11.18,3.1241,5.3151,13.118,16.698,14.718,12.924,9.1439,7.8873,8.9022,15.869,17.76,5.3814,25.065,8.2759,5.1923,3.544,8.1123,3.6056,2.3324,6.8007,6.2298,9.6208,8.7658,4.9406,8.1394,6.3906,7.0456,28.189,22.136,8.2365,6.4777,5,9.6208,11.055,11.022,1,14.006,7.2533,9.0796,11.199,6.2801,17.628,2.8,3.6056,0.9,5.6648,9.3963,13.003,6.1188,15.012,10.004,1.118,9.0934,8.6023,3,33.148,8.6539,3.0676,5,7.4626,6.4195,85.786,8.1584,10.261,25.294,9.552,6.0133,39.872,44.826,28.702,30.864,23.956,21.067,49.293,27.342,46.928,34.047,36.412,23.66,21.708,19.87,23.908,38.354,33.586,45.409,33.073,24.27,28.224,32.809,29.206,35.426,17.76,24.27,16.174,5.3254,4.9031,8.0156,1.6401,7.2533,4.005,5.4083,9.1411,1.8868,14.276,21.147,37.167,29.268,19.071,19.173,28.16,25.108,11.975,8.2006,37.261,20.587,12.744,22.262,22.266,17.511,21.067,20.06,27.864,18.66,27.514,44.884,33.66,32.809,19.104,41.175,39.887,43.911,43.932,34.725,30.673,35.886,42.587,20.17,24.237,12.962,23.908,35.457,24.751,37.261,3.9446,3.9,19.473,38.89,7.088,6.5,1.8868,33.755,40.863,1.3454,29.577,0
11.016,21.213,5.1196,18.062,3.6892,21.034,17.129,11.131,0,18.122,6.2801,0.2,16.887,9.067,3.4482,9.0006,5.3488,15.033,17.024,16.045,5.0636,2.119,2.1932,3.4482,13.019,7.2277,3.7363,7.985,5.5714,3.2573,7.2139,7.4404,5.5172,7.6655,10.591,7.2533,14,6.4031,6.0075,10.143,4.6648,13.065,13.01,13.858,13.662,20.072,8.1394,15.048,6.2801,17.007,15.55,17.233,11.318,15.977,12.888,14.188,20.072,22.008,22.023,11.022,25.034,18.001,20.006,22.004,10.966,7.5822,11.055,13.065,11.029,13.489,20.025,24.083,17.007,26.023,21.047,10.072,2.0396,16.855,11.077,22.688,19.067,10.072,16.09,8.3762,13.724,75.8,19.284,21.009,15.93,20.056,17.05,29.644,34.643,18.702,21.563,13,10.898,39.061,17.29,37.14,23.84,26.51,14.757,10.698,12.758,14.524,29.522,23.25,36.545,23.638,15.606,18.054,22.938,19.379,27.268,10.591,15.606,7.0682,14.258,12.394,19.127,12.007,18.001,15.075,14.277,20,10,7.4,11.72,26.854,20.321,8.3762,11.788,17.196,15.138,6.5146,7.6837,27.878,13.029,6.2801,13.378,11.51,6.5,10.898,11.539,18.925,10.216,17.988,35.679,24.384,22.938,8.4315,32.329,30.782,35.558,35.321,26.415,21.72,29.168,33.734,10.186,14.428,3.3526,14.524,27.647,15.164,27.878,13.111,11.218,10.647,29.277,10.345,17.019,12,22.653,31.397,12.027,19.462,0
7.1589,39.01,23.022,3.6,16.824,4.4598,4.3174,7.9649,18.122,0,23.063,18.146,34.16,9.552,15.474,9.2195,13.601,4.3139,3.1623,3.8588,13.065,16.243,16.045,17.042,5.1923,11.004,19.059,21.658,20.239,19.026,13.365,12.218,14.103,20.69,21.654,11.002,32.062,13.138,12.238,8.01,14.003,5.0636,5.6356,5.6824,5.4231,2.0396,12.472,3.1321,13.111,1.8868,3.6056,34.271,28.182,4.5343,6.5391,4.005,2.0396,4.826,5.0606,7.5392,7.782,1.9,3.2802,4.3463,8.3522,23.28,7.0711,5.0636,7.5769,5.2202,2.2825,7.267,2.7857,8.6163,4.6098,8.6539,16.194,3.7736,7.0456,38.407,1.118,8.0505,4.2942,11.281,5.5036,89.825,5.4918,3.3541,29.834,2.0881,3.544,44.7,49.506,33.617,35.05,30.14,26.535,53.964,32.365,51.12,38.991,40.964,27.966,28.052,23.39,28.557,41.829,38.687,48.71,37.284,28.349,33.324,37.442,33.937,38.441,21.654,28.349,21.436,4.0447,6.0828,4.4147,6.5,1.9,4.6861,4.0608,2.9732,8.297,18.764,26.044,42.153,33.234,25.125,22.967,34.258,30.164,16.517,12.3,41.278,24.292,17.487,26.674,28.23,24.003,26.535,24.452,31.904,23.18,32.058,48.523,37.705,37.442,25.135,44.575,43.562,46.79,47.039,37.896,34.57,37.737,45.951,25.556,29.204,19.032,28.557,38.188,29.504,41.278,5.016,7.0007,24.131,43.08,9.4868,1.6401,6.3906,40.136,44.856,6.6641,34.57,0
16.317,16.02,2.7,23.603,9.829,26.476,22.777,16.919,6.2801,23.063,0,6.4031,11.116,14.833,9.7082,14.481,11.51,20.568,22.496,21.587,10.44,8.3217,7.5769,6.0208,18.265,12.166,4.005,4.1183,3.3106,4.0608,10.098,11.016,9,4.6861,7.2498,12.149,9.7309,10.002,11.739,15.146,9.1082,18.173,18.506,18.028,18.004,25.088,11.131,20.168,10,22.246,20.002,11.303,5.2202,20.072,17.024,19.059,25.088,27.356,27.423,16.621,30.43,23.28,25.367,27.213,15.016,1.9,16.226,18.173,16.648,18.001,25.156,29.574,22.416,31.385,26.515,15.811,8.1633,21.054,16.194,16.43,24.101,15.224,21.708,12.027,18.01,69.52,25.028,26.196,9.9479,25.106,22.583,23.366,28.365,12.448,15.484,7.1021,4.6861,32.787,11.034,30.877,17.56,20.247,9.1082,5,8.8295,8.5884,23.519,16.975,30.482,17.492,10.058,11.78,16.69,13.159,21.568,7.2498,10.058,3.2802,19.032,17.014,24.739,17.511,23.28,20.69,19.026,25.302,15.499,6.1612,5.9464,20.581,14.414,2.1541,7.8588,11.281,8.9196,7.4,11.045,21.715,8.6579,6.4622,7.8588,5.3488,1.6401,4.6861,6.6,13.06,5.6886,11.881,29.526,18.28,16.69,2.1932,26.298,24.681,29.671,29.346,20.663,15.778,24.124,27.69,4.1183,8.2801,4.0447,8.5884,22.099,9.0973,21.715,18.122,16.08,5.6,23.056,14.06,22.204,17.442,17.075,25.198,17.611,13.189,0
11.029,21.242,5.1662,18.047,3.5228,21.024,17.106,11.102,0.2,18.146,6.4031,0,16.952,9.0449,3.3541,9.005,5.2811,15.021,17.014,16.031,5.099,2.0616,2.2825,3.6401,13.031,7.2801,3.9294,8.1707,5.7585,3.4482,7.3593,7.5604,5.6569,7.8588,10.787,7.3082,14.003,6.5299,6.0008,10.179,4.7707,13.086,13.003,13.928,13.724,20.09,8.2759,15.065,6.4031,17.014,15.604,17.308,11.413,16.046,12.962,14.221,20.09,22.004,22.015,11.011,25.024,18.004,20.002,22.008,11.049,7.7337,11.077,13.086,11.016,13.544,20.036,24.067,17.003,26.016,21.034,10.05,2.01,16.919,11.102,22.798,19.085,10.098,16.07,8.4876,13.79,75.92,19.251,21.015,16.086,20.072,17.036,29.762,34.761,18.835,21.715,13.078,11.034,39.176,17.423,37.271,23.962,26.641,14.925,10.77,12.952,14.682,29.681,23.366,36.701,23.786,15.778,18.181,23.073,19.518,27.44,10.787,15.778,7.2498,14.297,12.445,19.105,12.002,18.004,15.056,14.318,20,10,7.6,11.881,26.97,20.483,8.4876,11.982,17.27,15.276,6.7052,7.8102,28.024,13.22,6.4777,13.548,11.611,6.5795,11.034,11.72,19.088,10.4,18.137,35.827,24.535,23.073,8.5446,32.486,30.935,35.723,35.482,26.585,21.881,29.356,33.89,10.332,14.573,3.544,14.682,27.824,15.315,28.024,13.138,11.259,10.824,29.417,10.445,17.029,12,22.702,31.54,12.015,19.59,0
27.423,5.5462,11.811,34.693,19.906,37.584,33.842,27.918,16.887,34.16,11.116,16.952,0,25.831,20.283,25.556,22.233,31.654,33.596,32.674,21.498,19.006,18.554,17.129,29.378,23.28,15.108,13.153,14.001,15.175,21.001,22.023,20.064,14.142,14.866,23.265,5.6648,21.047,22.726,26.262,20.224,29.288,29.594,29.006,29.025,36.19,22,31.283,21.061,33.362,31.027,1,6.0008,31,28.009,30.16,36.19,38.471,38.535,27.68,41.544,34.395,36.48,38.328,26.016,11.004,27.34,29.288,27.703,29.056,36.268,40.679,33.523,42.5,37.62,26.825,18.911,32,27.31,7.6158,35.206,26.337,32.778,23.014,29.017,59.984,36.065,37.31,9.2195,36.211,33.673,14.422,19.209,7.2801,11.18,4.02,8.2462,23.345,6.7082,22.472,9.4868,12.649,10.63,6.2097,14.765,9.2195,18.111,8.544,24.042,12,11.314,6.3246,10.05,8.2462,18.111,14.866,11.314,13.038,30.121,28.094,35.816,28.594,34.395,31.759,30.112,36.418,26.575,16.125,9.8489,11.662,11.705,9.0355,14.318,0.9,7.0711,18.018,22.008,15.297,13.892,17.019,10.817,6.0075,10.412,8.2462,12.083,11.18,12.649,8.9443,22.472,13,10.05,9.0272,20.396,18.439,24.331,23.537,17.117,12.369,22.804,21.587,9.2195,7.8102,15.16,9.2195,19.235,8.4853,15.297,29.235,27.189,11.705,15.811,25.002,33.319,28.535,6,18.028,28.678,7.0711,0
2.6249,30.279,14.172,9.0089,7.2801,12,8.0623,2.0881,9.067,9.552,14.833,9.0449,25.831,0,6.0299,1.2,4.0792,6.0008,8.0025,7.0007,4.4283,7.0114,7.2801,9.1302,4.3863,3.5228,11.049,14.705,12.676,10.846,7.4626,6.265,7.0007,13.901,15.914,3.6056,23.031,6.4815,3.1048,2.9732,6.1033,4.6648,4.0447,7.1281,6.64,11.351,7.2498,6.4257,6.3253,8.1584,7.9398,26.101,20.049,8.9196,6.5299,6.0465,11.351,13.01,13,2.0396,16.001,9.0934,11.016,13.086,5.6886,15.564,2.9732,4.6648,2.0224,6.1717,11.199,15.027,8.0225,17,12.004,1.005,7.0349,9.4847,3.1241,31.085,10.358,2.508,7.0257,6.0407,6.8007,83.787,10.239,12.12,23.308,11.303,8.0025,37.832,42.793,26.669,28.901,21.868,19.007,47.257,25.303,44.936,32.004,34.398,21.708,19.622,18.062,21.915,36.459,31.532,43.523,31.101,22.344,26.177,30.794,27.189,33.604,15.914,22.344,14.151,6.2801,5.1614,10.06,3.0806,9.0934,6.0133,6.3411,11.045,1.4142,12.379,19.138,35.118,27.336,16.985,17.328,26.072,23.071,10.114,6.6189,35.302,18.742,10.83,20.304,20.18,15.426,19.007,18.118,25.928,16.711,25.52,42.956,31.706,30.794,17.019,39.284,37.964,42.086,42.074,32.882,28.745,34.253,40.697,18.118,22.209,10.885,21.915,33.679,22.743,35.302,4.8826,3.8588,17.5,36.909,6.2,8.2225,3.1623,31.674,38.901,3.015,27.536,0
8.3241,24.456,8.4758,15.001,1.7205,18.007,14.006,8,3.4482,15.474,9.7082,3.3541,20.283,6.0299,0,6.2642,2.01,12.02,14.023,13.01,3.2016,1.4142,2.7857,5.3852,10.284,5.3151,6.64,10.9,8.5212,6.2482,7.184,6.7978,5.5902,10.383,13.092,5.3814,17.095,6.0407,3.3106,7.782,4.2202,10.44,10.072,11.927,11.611,17.337,7.8,12.345,5.8523,14.172,13.328,20.655,14.765,13.994,11.044,11.705,17.337,19.032,19.013,8.0623,22.004,15.12,17.042,19.116,9.3509,10.898,8.4758,10.44,8.0505,11.318,17.213,21.002,14.051,23.008,18.002,7.0178,1.6401,14.765,8.544,26.131,16.337,7.5769,13,7.4626,11.714,79.222,16.08,18.146,19.178,17.299,14.006,33.073,38.071,22.086,24.832,16.428,14.276,42.495,20.679,40.524,27.262,29.897,17.883,14.116,15.324,17.765,32.726,26.684,39.774,26.941,18.682,21.462,26.314,22.738,30.315,13.092,18.682,10.08,11.847,10.2,16.008,9.0934,15.12,12.002,11.885,17.075,7.1805,9.5818,14.94,30.289,23.508,11.819,14.409,20.616,18.504,7.963,7.1589,31.183,15.742,8.1492,16.481,14.959,9.9318,14.276,14.506,22.1,13.123,21.284,38.969,27.659,26.314,11.873,35.544,34.044,38.681,38.497,29.493,24.916,31.872,36.954,13.521,17.76,6.3253,17.765,30.614,18.456,31.183,10.562,8.9,13.682,32.625,9.0686,14.221,9.1411,25.989,34.725,9.0449,22.865,0
2.0616,30.14,14.036,9.1411,7.6968,12.07,8.297,2.6907,9.0006,9.2195,14.481,9.005,25.556,1.2,6.2642,0,4.4721,6.1,8.0623,7.1197,4.0608,7.0456,7.0456,8.6163,4.0447,2.6249,10.595,14.046,12.125,10.44,6.4815,5.2431,6.2201,13.202,15.07,2.6907,23,5.5866,3.0265,1.8868,5.5036,4.1761,4.0447,6.1717,5.728,11.116,6.1774,6.1,5.4489,8.01,7.2111,25.782,19.699,8.0722,5.4918,5.4626,11.116,13.019,13.046,2.1541,16.061,9.0006,11.016,13.003,4.5122,15.078,2.2361,4.1761,2.1932,5.3151,11.037,15.146,8.0225,17.042,12.093,1.6401,7.0178,8.7201,2.3324,30.583,10.112,1.4866,7.2277,4.9244,5.8728,83.127,10.562,12.01,22.634,11.089,8.1216,37.26,42.203,26.082,28.19,21.564,18.501,46.672,24.732,44.266,31.44,33.768,20.983,19.357,17.184,21.253,35.664,30.998,42.719,30.402,21.584,25.626,30.168,26.569,32.74,15.07,21.584,13.553,5.6356,4.2426,10.261,3.0414,9.0006,6.2097,5.6824,11.002,1.0198,11.588,18.506,34.57,26.584,16.621,16.483,25.757,22.496,9.2849,5.5758,34.585,17.897,10.06,19.588,19.808,15.191,18.501,17.381,25.181,15.984,24.857,42.198,30.982,30.168,16.648,38.485,37.201,41.225,41.242,32.036,27.987,33.261,39.896,17.587,21.612,10.469,21.253,32.779,22.106,34.585,4.3081,2.9,16.807,36.223,5,8.0306,3.0067,31.45,38.188,3.1321,26.968,0
6.5,26.458,10.44,13.006,3.2311,16.015,12.002,6.0033,5.3488,13.601,11.51,5.2811,22.233,4.0792,2.01,4.4721,0,10.04,12.042,11.022,2.7,3.2311,4.1037,6.5605,8.4119,4.2059,8.1394,12.267,9.9705,7.8102,7.1,6.3789,5.7871,11.64,14.152,4.2942,19.105,5.9,1.8868,6.1612,4.4147,8.6163,8.1216,10.435,10.06,15.426,7.4673,10.469,5.7,12.238,11.662,22.581,16.639,12.44,9.6208,9.9318,15.426,17.05,17.024,6.1188,20.009,13.169,15.065,17.155,8.1216,12.56,6.7082,8.6163,6.1,9.7082,15.278,19,12.081,21.015,16.008,5.0488,3.3541,13.147,6.8,27.937,14.431,5.883,11.002,6.8007,10.183,80.955,14.07,16.194,20.724,15.381,12.015,34.835,39.828,23.78,26.38,18.347,15.984,44.266,22.381,42.198,29.012,31.583,19.326,16.046,16.386,19.31,34.192,28.462,41.256,28.522,20.077,23.192,27.987,24.394,31.64,14.152,20.077,11.528,10.107,8.6023,14.003,7.1589,13.169,10.008,10.153,15.108,5.3141,10.559,16.483,32.067,24.978,13.647,15.521,22.544,20.181,8.6377,6.7742,32.761,16.896,9.0338,17.913,16.815,11.847,15.984,15.852,23.565,14.446,22.871,40.52,29.208,27.987,13.695,37.017,35.568,40.059,39.926,30.846,26.391,32.916,38.43,15.182,19.398,7.8746,19.31,31.87,20.047,32.761,8.7727,7.267,15.089,34.253,8.0623,12.3,7.2277,27.969,36.325,7.0859,24.586,0
4.3081,36.222,20.11,3.0414,13.169,6.0033,2.2825,4.0608,15.033,4.3139,20.568,15.021,31.654,6.0008,12.02,6.1,10.04,0,2.0025,1.0198,10.161,13.003,13.138,14.645,2.6249,8.4758,16.648,19.864,18.095,16.517,11.766,10.496,12.002,18.962,20.469,8.5094,29.021,11.18,9.0272,5.6824,11.513,3.048,2.0616,6.1351,5.5714,5.6824,11.102,2.2,11.092,2.5,5.1,31.871,25.782,6.5,6.4413,3.4482,5.6824,7.0114,7,4.0112,10.004,3.2311,5.0249,7.1386,7.433,21.092,4.5177,3.048,4.005,5.016,5.3852,9.0554,2.0616,11,6.0133,5.004,13.014,6.3789,4.6141,36.545,4.7707,5.4626,1.2207,9.7652,5.7585,88.789,4.6141,6.2097,28.365,5.5902,2.0224,43.123,48.031,31.946,33.82,27.659,24.486,52.503,30.623,49.942,37.325,39.542,26.619,25.457,22.44,27.014,41.041,36.924,48.045,36.049,27.136,31.54,35.958,32.378,37.899,20.469,27.136,19.462,3.8328,5.0804,4.1761,3.0594,3.2311,0.5,3.9294,5.0804,5.0804,17.192,24.334,40.472,32.121,22.702,21.858,31.848,28.389,14.861,10.707,40.174,23.25,15.743,25.254,25.882,21.29,24.486,23.021,30.74,21.66,30.6,47.663,36.57,35.958,22.726,43.84,42.666,46.359,46.48,37.263,33.505,37.836,45.241,23.549,27.477,16.542,27.014,37.804,27.906,40.174,3.3601,5.1225,22.542,41.88,8.5563,2.6907,3.1321,37.549,43.779,3.0067,32.857,0
6.1847,38.2,22.091,1.1662,15.16,4.0112,1.2,6.0531,17.024,3.1623,22.496,17.014,33.596,8.0025,14.023,8.0623,12.042,2.0025,0,1.044,12.12,15.001,15.108,16.542,4.3081,10.358,18.554,21.654,19.955,18.439,13.461,12.21,13.824,20.734,22.106,10.385,31.016,12.962,11.016,7.4673,13.412,4.5651,4.02,6.9635,6.4815,3.9699,12.726,2.9,12.888,1.4,5.3852,33.798,27.703,6.7052,7.5073,4.3863,3.9699,5.009,5.001,6.0033,8.01,1.4866,3.0265,5.1662,8.8408,22.969,6.3246,4.5651,6.0008,6.0208,3.5511,7.0859,0.4,9.0022,4.0311,7.0064,15.008,6.2801,6.3906,38.378,3.2016,7.3082,1.2806,11.413,6.64,90.449,3.1241,4.272,30.098,3.8419,0.4,44.899,49.786,33.733,35.501,29.594,26.342,54.258,32.424,51.625,39.116,41.278,28.318,27.406,24.019,28.763,42.609,38.736,49.583,37.734,28.801,33.351,37.705,34.139,39.389,22.106,28.801,21.291,4.6861,6.4031,2.3854,5.0249,1.4866,2.0881,4.7634,3.1048,7.0456,18.918,26.117,42.269,33.768,24.622,23.48,33.776,30.194,16.595,12.389,41.829,24.857,17.505,26.968,27.795,23.25,26.342,24.732,32.399,23.39,32.334,49.257,38.229,37.705,24.645,45.395,44.266,47.824,47.984,38.78,35.141,39.114,46.79,25.395,29.269,18.461,28.763,39.244,29.67,41.829,4.7707,6.7535,24.292,43.562,10,1.7,5.0636,39.506,45.43,5.001,34.654,0
5.3141,37.238,21.126,2.0224,14.128,5,1.3454,5.0249,16.045,3.8588,21.587,16.031,32.674,7.0007,13.01,7.1197,11.022,1.0198,1.044,0,11.18,14.009,14.157,15.66,3.5511,9.4868,17.665,20.856,19.104,17.535,12.726,11.461,13,19.949,21.414,9.5189,30.028,12.167,10.04,6.6641,12.528,3.9051,3.0806,6.7082,6.1774,4.9406,12.037,2.6,12.083,1.9723,5.3935,32.89,26.8,6.7742,7.1281,4.0311,4.9406,6.0299,6.0033,5.0249,9.0006,2.4413,4.0608,6.2097,8.2759,22.105,5.5036,3.9051,5.016,5.6604,4.5651,8.0399,1.2207,10,5.004,6,14.023,6.5,5.5902,37.549,4.1037,6.4622,0.5,10.707,6.353,89.747,3.662,5.3141,29.342,4.826,1.005,44.113,49.016,32.939,34.782,28.678,25.494,53.488,31.619,50.905,38.319,40.521,27.586,26.476,23.366,27.996,41.966,37.923,48.961,37.013,28.092,32.539,36.94,33.364,38.796,21.414,28.092,20.464,4.3829,5.8728,3.1623,4.0792,2.4413,1.044,4.4721,4.1485,6.1,18.165,25.325,41.468,33.072,23.72,22.798,32.867,29.386,15.835,11.662,41.129,24.186,16.726,26.225,26.9,22.309,25.494,23.991,31.695,22.635,31.578,48.598,37.525,36.94,23.745,44.761,43.602,47.248,47.383,38.17,34.452,38.652,46.16,24.555,28.47,17.56,27.996,38.683,28.892,41.129,4.1725,6.0465,23.524,42.843,9.4175,2.2361,4.1485,38.569,44.732,4.02,33.852,0
6.0033,26.093,10.004,13.202,4.9204,16.125,12.345,6.5,5.0636,13.065,10.44,5.099,21.498,4.4283,3.2016,4.0608,2.7,10.161,12.12,11.18,0,3.3541,3.0017,4.717,8.0006,2.2361,6.6212,10.371,8.268,6.4257,4.4,3.7363,3.1623,9.6208,11.881,2.2825,19.013,3.2,1.4866,5.0804,1.8868,8.0156,8.1049,8.9443,8.6925,15.027,4.8052,10.008,3,12.004,10.53,21.734,15.66,11.049,8.0131,9.1241,15.027,17.058,17.095,6.1847,20.11,13.014,15.056,17.005,6.2201,11.136,6.0075,8.0156,6.2097,8.4758,15.001,19.205,12.07,21.086,16.151,5.3852,3.2311,11.885,6.0208,26.656,14.023,5.016,11.281,4.2942,8.7727,79.408,14.588,16.001,18.962,15.016,12.182,33.415,38.382,22.261,24.584,17.511,14.579,42.843,20.889,40.57,27.586,30.009,17.423,15.297,14.091,17.56,32.245,27.106,39.316,26.769,18.104,21.757,26.404,22.798,29.526,11.881,18.104,9.7652,9.1984,7.3682,14.318,7.1021,13.014,10.261,9.2195,15.027,5.0804,8.2801,14.763,30.695,23.073,12.587,13.28,21.708,18.659,6.1774,4.1231,30.986,14.682,6.7201,16.011,15.78,11.131,14.579,13.862,21.66,12.448,21.16,38.683,27.4,26.404,12.618,35.074,33.701,37.986,37.918,28.767,24.486,30.538,36.488,13.695,17.809,6.4622,17.56,29.681,18.367,30.986,8.0505,6.1612,13.189,32.56,5.8728,12,7.0576,27.389,34.577,7.1805,23.121,0
9.0934,23.296,7.2277,16.02,2.4,19.007,15.065,9.0554,2.119,16.243,8.3217,2.0616,19.006,7.0114,1.4142,7.0456,3.2311,13.003,15.001,14.009,3.3541,0,1.6,4.1231,11.089,5.5902,5.2431,9.5189,7.1281,4.8415,6.6189,6.4815,4.9244,9.0338,11.799,5.6356,16.02,5.5758,4.02,8.3522,3.6892,11.18,11.002,12.298,12.042,18.159,7.3783,13.138,5.4083,15.048,13.858,19.35,13.416,14.403,11.365,12.369,18.159,20,20.002,9,23.008,16.025,18.001,20.03,9.5415,9.4847,9.1782,11.18,9.0006,11.811,18.08,22.038,15.001,24.003,19.013,8.0156,0.3,15.232,9.2195,24.751,17.155,8.2225,14.036,7.2863,12.125,77.824,17.198,19.044,17.765,18.134,15.012,31.68,36.677,20.679,23.418,15.116,12.869,41.105,19.272,39.115,25.865,28.489,16.481,12.816,14.022,16.353,31.318,25.294,38.364,25.527,17.286,20.06,24.904,21.326,28.928,11.799,17.286,8.6839,12.472,10.698,17.066,10.004,16.025,13.025,12.5,18.01,8.0225,8.3433,13.528,28.9,22.1,10.445,13.092,19.313,17.094,6.9,6.8007,29.769,14.409,6.9721,15.08,13.6,8.6163,12.869,13.123,20.693,11.748,19.87,37.555,26.245,24.904,10.496,34.135,32.631,37.283,37.092,28.1,23.508,30.555,35.544,12.108,16.347,4.9204,16.353,29.241,17.041,29.769,11.259,9.4557,12.289,31.212,9.0907,15.075,10.018,24.763,33.311,10,21.462,0
9.005,23.096,7.0029,16.179,4,19.116,15.297,9.368,2.1932,16.045,7.5769,2.2825,18.554,7.2801,2.7857,7.0456,4.1037,13.138,15.108,14.157,3.0017,1.6,0,2.6,11.002,5.0804,4.0361,8.2006,5.8728,3.7202,5.2431,5.3151,3.5228,7.6322,10.308,5.099,16.02,4.3139,4.1761,8.0399,2.5,11.007,11.089,11.671,11.484,18.018,6.0959,13.003,4.1725,15.005,13.388,18.822,12.781,13.79,10.698,12.081,18.018,20.056,20.09,9.1411,23.105,16.015,18.054,20.006,8.7727,8.4876,9.0022,11.007,9.1591,11.327,18,22.19,15.065,24.083,19.139,8.271,1.3,14.675,9.0089,23.943,17.014,8.0056,14.239,6.2201,11.543,76.887,17.511,19.002,16.621,18.01,15.16,30.794,35.781,19.704,22.277,14.588,11.927,40.227,18.31,38.108,24.965,27.5,15.24,12.345,12.54,15.207,30.104,24.439,37.165,24.418,16.008,19.138,23.901,20.304,27.609,10.308,16.008,7.433,12.134,10.239,17.28,10.084,16.015,13.22,12.149,18.028,8.0623,6.8007,12.379,28.04,20.887,9.7309,11.63,18.793,16.101,5.3,5.5866,28.657,12.971,5.3935,13.829,12.924,8.1584,11.927,11.8,19.474,10.404,18.768,36.418,25.105,23.901,9.7693,32.928,31.468,36.003,35.85,26.8,22.299,29.09,34.34,11.102,15.305,3.7802,15.207,27.879,15.945,28.657,11.029,9.0934,11.011,30.154,8.1633,15,10.05,24.418,32.222,10.143,20.524,0
10.358,22.002,6.3906,17.665,6.4777,20.5,16.887,11.18,3.4482,17.042,6.0208,3.6401,17.129,9.1302,5.3852,8.6163,6.5605,14.645,16.542,15.66,4.717,4.1231,2.6,0,12.278,6.1847,2.0224,5.728,3.5511,2.01,4.4283,5.1196,3.0414,5.0804,7.7078,6.1612,15.338,4.0608,6.1612,9.1411,3.1321,12.166,12.587,12.093,12.034,19.067,5.4626,14.157,4.0311,16.243,14.023,17.28,11.18,14.172,11.089,13.038,19.067,21.359,21.436,10.77,24.437,17.28,19.376,21.199,9.0796,6.4622,10.239,12.166,10.808,12.004,19.139,23.603,16.445,25.384,20.545,10.062,3.8328,15.133,10.198,21.973,18.08,9.2418,15.811,6.1392,12.05,74.695,19.172,20.181,14.276,19.085,16.648,28.702,33.666,17.545,19.915,13.111,9.8899,38.129,16.174,35.864,22.874,25.294,12.799,11.011,9.9403,12.869,27.659,22.406,34.728,22.086,13.528,17.047,21.689,18.083,25.08,7.7078,13.528,5.0606,13.014,11.002,18.822,11.606,17.28,14.8,13.01,19.302,9.6208,4.2202,10.06,25.989,18.456,8.1049,9.0338,17.263,13.943,3.0676,5.2202,26.314,10.383,2.9,11.385,11.259,7.0456,9.8899,9.2957,17.041,7.8873,16.462,34.038,22.738,21.689,8.1216,30.486,29.069,33.499,33.377,24.286,19.87,26.492,31.9,8.9894,13.092,2.0025,12.869,25.322,13.661,26.314,12.106,10.06,8.5563,27.864,8.2,16.194,11.513,23.096,29.897,11.739,18.407,0
2.0025,34.078,18.004,5.4626,11.638,8.2225,4.8826,3.1241,13.019,5.1923,18.265,13.031,29.378,4.3863,10.284,4.0447,8.4119,2.6249,4.3081,3.5511,8.0006,11.089,11.002,12.278,0,6.1,14.297,17.346,15.66,14.204,9.1788,7.9177,9.5189,16.428,17.863,6.1188,27.007,8.6539,7.0711,3.1623,9.1591,0.6,1.2,4.1,3.5,7.0711,8.4876,2.0616,8.5796,4.005,3.9446,29.555,23.455,5.2,4.1231,1.8868,7.0711,9.0934,9.1591,2.4413,12.166,5.0249,7.1021,9.005,4.8415,18.682,2.0396,0.6,2.5,2.9,7.0064,11.327,4.1761,13.124,8.271,3.5511,11.055,5.4918,2.0881,34.072,6.0671,3.0414,3.8419,7.1561,3.7,86.196,7.2111,8.0006,25.805,7.0456,4.4721,40.594,45.487,29.426,31.233,25.367,22.043,49.959,28.116,47.357,34.809,36.985,24.039,23.208,19.821,24.464,38.423,34.428,45.423,33.465,24.542,29.043,33.408,29.838,35.274,17.863,24.542,16.985,2.2361,2.6,6.6641,1.4866,5.0249,2.9732,2.3259,7.0456,3.1048,14.625,21.81,37.962,29.521,20.377,19.248,29.536,25.886,12.298,8.1123,37.578,20.637,13.2,22.682,23.537,19.085,22.043,20.447,28.144,19.097,28.041,45.05,33.975,33.408,20.396,41.22,40.054,43.734,43.855,34.639,30.901,35.24,42.62,21.092,24.962,14.221,24.464,35.181,25.367,37.578,1,2.5,19.992,39.295,5.9464,4.0012,1.2806,35.314,41.181,1.8028,30.346,0
4.1761,28.026,12.02,11.484,7.0007,14.318,10.734,5.3151,7.2277,11.004,12.166,7.2801,23.28,3.5228,5.3151,2.6249,4.2059,8.4758,10.358,9.4868,2.2361,5.5902,5.0804,6.1847,6.1,0,8.2,11.461,9.6208,8.1049,3.9446,2.7857,3.6056,10.6,12.448,0.1,21.069,2.9732,2.3259,3.0017,3.0594,6.0208,6.4257,6.7082,6.4622,13,3.8328,8.0225,2.8284,10.084,8.3241,23.455,17.357,8.8142,5.7801,7.0178,13,15.191,15.259,4.717,18.265,11.116,13.202,15.065,4.0361,12.618,4.0608,6.0208,4.7707,6.2642,13.025,17.42,10.261,19.22,14.361,4.2426,5.4626,9.6566,4.0311,28.078,12.002,3.0594,9.6566,2.8,6.5391,80.525,13.039,14.051,20.034,13.003,10.469,34.704,39.635,23.524,25.577,19.268,16.011,44.106,22.185,41.662,28.892,31.183,18.367,17.117,14.573,18.659,33.039,28.47,40.094,27.791,18.962,23.09,27.586,23.991,30.126,12.448,18.962,11.007,7.0576,5.1662,12.649,5.4626,11.116,8.6539,7.0711,13.138,3.5511,8.9644,15.93,32.031,23.962,14.277,13.862,23.436,19.949,6.6603,3.1623,31.968,15.276,7.4404,16.975,17.442,13.019,16.011,14.763,22.56,13.37,22.261,39.575,28.365,27.586,14.297,35.86,34.577,38.61,38.621,29.417,25.365,30.73,37.271,15.078,19.052,8.1216,18.659,30.179,19.523,31.968,6.0008,4.02,14.204,33.615,3.8588,10.05,5.3488,29.223,35.572,5.6356,24.42,0
12.369,20.009,4.717,19.673,7.341,22.518,18.881,13.118,3.7363,19.059,4.005,3.9294,15.108,11.049,6.64,10.595,8.1394,16.648,18.554,17.665,6.6212,5.2431,4.0361,2.0224,14.297,8.2,0,4.2942,1.8868,0.5,6.2097,7.0456,5.004,3.9294,6.8731,8.1786,13.463,6.0133,8.0131,11.163,5.142,14.188,14.588,14.051,14.013,21.086,7.2533,16.179,6.0033,18.265,16.008,15.259,9.1591,16.112,13.046,15.056,21.086,23.38,23.455,12.747,26.458,19.302,21.396,23.222,11.037,4.5177,12.258,14.188,12.781,14,21.16,25.62,18.461,27.406,22.561,12.002,5,17.085,12.218,20.036,20.1,11.259,17.807,8.0623,14.023,72.879,21.157,22.204,12.587,21.105,18.655,26.822,31.8,15.698,18.244,11.089,7.9649,36.255,14.312,34.083,20.991,23.483,11.245,9.0022,9.0244,11.173,26.097,20.495,33.152,20.382,12.043,15.16,19.881,16.28,23.686,6.8731,12.043,3.4409,15.027,13.01,20.824,13.601,19.302,16.793,15.021,21.323,11.606,3.9294,8.3451,24.088,16.877,6.0828,8.0523,15.241,12.093,3.9699,7.1021,24.622,9.2973,3.2802,9.8407,9.2418,5.1196,7.9649,7.8892,15.467,6.5299,14.732,32.386,21.072,19.881,6.1,28.918,27.442,32.041,31.86,22.857,18.288,25.445,30.329,7.1021,11.28,0.4,11.173,24.013,11.91,24.622,14.128,12.081,7.0456,26.12,10.112,18.216,13.516,21.077,28.186,13.724,16.536,0
15.564,18.53,6.6098,22.808,11.63,25.494,22.142,16.698,7.985,21.658,4.1183,8.1707,13.153,14.705,10.9,14.046,12.267,19.864,21.654,20.856,10.371,9.5189,8.2006,5.728,17.346,11.461,4.2942,0,2.4166,4.7424,8.297,9.4868,7.8715,1,3.1623,11.413,13.202,8.6925,11.844,14.195,8.6023,17.123,17.844,16.21,16.317,23.696,9.1984,19.038,8.7727,21.157,18.3,13.038,7.3082,18.1,15.241,17.749,23.696,26.249,26.373,16.174,29.32,22.2,24.319,25.962,13.32,2.6249,15.352,17.123,16.225,16.445,23.874,28.59,21.504,30.22,25.562,15.587,9.265,19.116,15.271,16.763,22.752,14.403,21.067,10.385,16.279,69.089,24.464,24.945,8.6023,23.745,21.81,23.259,28.178,12.083,14.213,9.3145,5,32.65,10.77,30.232,17.464,19.723,7.0711,7.8715,5,7.2111,21.932,17.088,29,16.401,7.8102,11.705,16.125,12.53,19.416,3.1623,7.8102,1,17.638,15.604,24.003,16.907,22.2,20.08,17.611,24.192,15.008,3,4.4721,20.616,12.728,4.8826,4,13.046,8.544,5.142,9.368,20.616,5.099,4.1761,5.6569,7.2035,5.7454,5,3.6056,11.314,2.2361,10.817,28.32,17.029,16.125,4.826,24.759,23.345,27.803,27.659,18.601,14.142,21.19,26.173,4,7.6158,4.6519,7.2111,19.723,8.0623,20.616,16.985,14.935,2.8284,22.204,12.218,21.061,16.771,19.105,24.207,17.095,13,0
13.79,19.127,5.0804,21.092,9.2136,23.874,20.354,14.718,5.5714,20.239,3.3106,5.7585,14.001,12.676,8.5212,12.125,9.9705,18.095,19.955,19.104,8.268,7.1281,5.8728,3.5511,15.66,9.6208,1.8868,2.4166,0,2.3259,7,8.0399,6.1612,2.2,5.2,9.5859,13.039,7.1021,9.7082,12.5,6.6212,15.499,16.046,15.005,15.033,22.277,8.0056,17.464,7.1386,19.573,17.036,14.051,8.0006,17.003,14.009,16.261,22.277,24.691,24.788,14.276,27.771,20.616,22.726,24.475,12.02,3.0414,13.631,15.499,14.318,15.085,22.397,26.979,19.837,28.7,23.928,13.6,6.8819,18,13.572,18.462,21.306,12.649,19.277,9.02,15.021,71.146,22.655,23.455,10.763,22.309,20.081,25.156,30.117,13.994,16.415,10.002,6.3906,34.581,12.627,32.321,19.33,21.745,9.3723,8.1216,7.2691,9.3509,24.233,18.874,31.293,18.57,10.161,13.507,18.139,14.534,21.8,5.2,10.161,1.562,16.194,14.157,22.266,15.078,20.616,18.273,16.179,22.629,13.118,2.9732,6.5299,22.451,15.015,5.0359,6.2801,14.043,10.394,4.1231,8.01,22.804,7.4726,3.1623,7.9649,8.0156,4.826,6.3906,6.0033,13.603,4.6519,12.932,30.552,19.242,18.139,5.0249,27.056,25.598,30.16,29.987,20.972,16.427,23.597,28.468,5.4626,9.5415,2.2361,9.3509,22.128,10.121,22.804,15.403,13.342,5.1614,24.332,11,19.503,14.97,20.001,26.379,15.232,14.861,0
12.258,20,4.4721,19.549,6.8877,22.416,18.736,12.924,3.2573,19.026,4.0608,3.4482,15.175,10.846,6.2482,10.44,7.8102,16.517,18.439,17.535,6.4257,4.8415,3.7202,2.01,14.204,8.1049,0.5,4.7424,2.3259,0,6.3569,7.1197,5.0488,4.4147,7.3682,8.0895,13.342,6.0671,7.782,11.089,5.0488,14.115,14.455,14.103,14.043,21.047,7.4,16.112,6.0407,18.187,16.031,15.359,9.265,16.179,13.098,15.021,21.047,23.296,23.363,12.587,26.37,19.22,21.306,23.158,11.089,4.7707,12.166,14.115,12.618,14.009,21.105,25.515,18.356,27.325,22.456,11.811,4.6098,17.142,12.134,20.261,20.056,11.163,17.665,8.1394,14.06,73.167,20.999,22.142,12.942,21.061,18.53,27.083,32.067,15.984,18.598,11.163,8.2152,36.517,14.591,34.39,21.253,23.78,11.64,9.0272,9.5126,11.528,26.478,20.739,33.527,20.724,12.454,15.424,20.181,16.586,24.106,7.3682,12.454,3.8588,15.005,13,20.69,13.463,19.22,16.648,15.003,21.242,11.456,4.4147,8.7,24.337,17.259,6.1847,8.5376,15.338,12.381,4.3139,7.2035,24.966,9.7719,3.6892,10.242,9.368,5.0359,8.2152,8.3241,15.852,6.9778,15.07,32.74,21.426,20.181,6.2097,29.297,27.804,32.445,32.25,23.27,18.668,25.913,30.707,7.3817,11.588,0.1,11.528,24.448,12.243,24.966,14.07,12.034,7.4626,26.444,10.198,18.146,13.388,21.126,28.522,13.572,16.807,0
7.5604,26.093,10.808,14.625,8.8255,17.233,14.046,9.1439,7.2139,13.365,10.098,7.3593,21.001,7.4626,7.184,6.4815,7.1,11.766,13.461,12.726,4.4,6.6189,5.2431,4.4283,9.1788,3.9446,6.2097,8.297,7,6.3569,0,1.2806,1.7205,7.3376,8.7201,3.8588,19.673,1.2,5.5902,6.1033,2.9732,8.9,9.8229,8.01,8.0623,15.403,1.044,10.77,1.4,12.888,10.06,21.034,15,10.004,7.0178,9.4557,15.403,17.962,18.095,8.4149,21.03,13.928,16.046,17.665,5.0488,10.012,7.267,8.9,8.4853,8.1584,15.577,20.318,13.285,21.925,17.308,8.1216,6.353,11,7.1561,25.057,14.455,6.4031,12.985,2.0881,8.0399,77.023,16.378,16.648,16.639,15.45,13.647,31.462,36.332,20.318,22.055,17.001,13.185,40.802,19.038,38.179,25.703,27.818,14.861,15.065,10.763,15.311,29.33,25.362,36.363,24.287,15.37,19.986,24.25,20.694,26.31,8.7201,15.37,8.0895,9.3408,7.3082,15.835,8.9644,13.928,12.037,9.3145,15.909,7.2863,5.4626,12.714,28.862,20.358,12.015,10.121,21.029,16.824,3.1623,1.077,28.408,11.526,4.1231,13.507,15.008,11.327,13.185,11.271,18.975,9.9318,18.874,35.923,24.804,24.25,12.01,32.141,30.923,34.794,34.846,25.629,21.745,26.793,33.548,12.2,15.876,6.3246,15.311,26.318,16.231,28.408,8.7321,6.7082,10.846,30.117,4.0012,12.781,8.7801,27.001,32.013,9.2195,21.257,0
6.2801,27.036,11.484,13.372,8.5,16.011,12.777,7.8873,7.4404,12.218,11.016,7.5604,22.023,6.265,6.7978,5.2431,6.3789,10.496,12.21,11.461,3.7363,6.4815,5.3151,5.1196,7.9177,2.7857,7.0456,9.4868,8.0399,7.1197,1.2806,0,2.0881,8.544,10,2.6926,20.457,1.077,4.7,4.826,2.8284,7.6557,8.5446,7.0114,7.0029,14.258,1.1,9.552,1.1662,11.671,9.005,22.091,16.025,9.067,6.0075,8.271,14.258,16.763,16.887,7.1421,19.837,12.714,14.833,16.492,4.0012,11.077,5.9908,7.6557,7.2139,7.0456,14.407,19.104,12.042,20.742,16.082,6.8819,6.2482,10.04,5.883,26.249,13.298,5.1225,11.714,1.0198,7,78.294,15.109,15.474,17.889,14.297,12.389,32.696,37.577,21.541,23.324,18.01,14.318,42.048,20.248,39.446,26.926,29.069,16.125,16.011,12.042,16.553,30.61,26.571,37.643,25.554,16.643,21.19,25.495,21.932,27.586,10,16.643,9.2195,8.1786,6.1392,14.579,7.6837,12.714,10.762,8.1584,14.705,6.0208,6.7082,13.928,30.083,21.633,13.002,11.402,22.082,18.028,4.3863,0.4,29.682,12.806,5.3141,14.765,16.053,12.149,14.318,12.53,20.248,11.18,20.125,37.202,26.077,25.495,13.003,33.422,32.202,36.069,36.125,26.907,23.022,28.018,34.828,13.342,17.088,7.1021,16.553,27.586,17.464,29.682,7.5027,5.4626,12.083,31.385,3.0806,11.574,7.5,28.018,33.287,7.9398,22.472,0
7.6968,25.013,9.3963,14.97,7.184,17.72,14.276,8.9022,5.5172,14.103,9,5.6569,20.064,7.0007,5.5902,6.2201,5.7871,12.002,13.824,13,3.1623,4.9244,3.5228,3.0414,9.5189,3.6056,5.004,7.8715,6.1612,5.0488,1.7205,2.0881,0,6.9971,8.9196,3.5511,18.376,1.0198,4.5618,6.3569,1.4,9.3408,9.9745,9.0554,9.0089,16.137,2.6249,11.303,1,13.412,11.004,20.168,14.08,11.131,8.0505,10.112,16.137,18.53,18.629,8.3217,21.61,14.455,16.568,18.318,6.0407,9.1984,7.5027,9.3408,8.3762,9.0022,16.243,20.824,13.693,22.539,17.778,7.8102,4.6519,12.093,7.433,24.555,15.16,6.5391,13.2,3.1048,9.02,76.92,16.595,17.299,16.43,16.164,13.965,31.128,36.049,19.949,21.972,16.045,12.528,40.521,18.621,38.057,25.325,27.586,14.763,14,11.089,15.059,29.465,24.923,36.526,24.186,15.367,19.539,23.991,20.4,26.611,8.9196,15.367,7.4673,10.06,8.0306,16.155,9.0355,14.455,12.21,10.05,16.468,7.1561,5.3814,12.343,28.47,20.366,11.029,10.332,20.156,16.388,3.1241,2.2361,28.365,11.746,3.8419,13.37,14.128,10.084,12.528,11.161,18.962,9.7652,18.659,35.983,24.762,23.991,11.037,32.289,30.986,35.091,35.074,25.884,21.771,27.44,33.701,11.574,15.478,5.0359,15.059,26.709,15.93,28.365,9.2418,7.1805,10.6,30.009,5.1662,13.342,8.9,26.049,31.968,9.2282,20.856,0
