0,NaN,1.255e+05,1.6403e+05,85286,1.7467e+05,1.0489e+05,52749,2.134e+05,2.8322e+05,57130,1.3861e+05,38594,6255,1.7993e+05,2.0665e+05,1.1015e+05,1.9328e+05,92782,1.9318e+05,57794,1.2307e+05,1.2214e+05,1.7246e+05,2.3024e+05,3.2038e+05,3.2914e+05,3.0016e+05,2.8702e+05,2.7067e+05,2.6743e+05,3.1777e+05,2.9854e+05,2.6805e+05,3.1906e+05,2.6327e+05,2.8963e+05,2.8377e+05,2.6181e+05,2.6864e+05,1.8892e+05,2.9294e+05,2.4591e+05,3.5164e+05,3.4184e+05,2.8925e+05,3.102e+05,2.5606e+05,2.8689e+05,2.5196e+05,2.4548e+05,3.0155e+05,3.0327e+05,2.9491e+05,3.2027e+05,1.8898e+05,2.2545e+05,1.4914e+05,2.3299e+05,98912,2.1246e+05,1.8849e+05,2.4317e+05,1.6492e+05,2.558e+05,3.3256e+05,2.5636e+05,2.6854e+05,3.0941e+05,3.0846e+05,2.7862e+05,2.4567e+05,2.5948e+05,1.8755e+05,2.4145e+05,1.9468e+05,1.7468e+05,1.646e+05,1.6203e+05,3.5022e+05,1.5607e+05,95663,1.6324e+05,2.7071e+05,2.2576e+05,NaN,2.0077e+05,1.7457e+05,2.8476e+05,2.7286e+05,2.9996e+05,3.5202e+05,3.7914e+05,3.6658e+05,3.3931e+05,3.6746e+05,3.057e+05,3.7123e+05,3.6132e+05,3.5929e+05,3.5362e+05,3.4469e+05,3.3594e+05,3.2417e+05,3.2275e+05,3.4574e+05,3.5996e+05,3.4738e+05,3.5337e+05,3.4723e+05,3.3463e+05,3.3934e+05,3.517e+05,3.3004e+05,3.3188e+05,3.4793e+05,3.1809e+05,3.1244e+05,2.3611e+05,2.2792e+05,1.5861e+05,1.6076e+05,2.2444e+05,2.0428e+05,2.5332e+05,2.3347e+05,2.5934e+05,2.9445e+05,3.0679e+05,3.6327e+05,3.5254e+05,3.6143e+05,3.3802e+05,3.0567e+05,3.3375e+05,2.6801e+05,2.9504e+05,3.5686e+05,2.6592e+05,2.868e+05,2.8302e+05,3.4386e+05,2.8449e+05,2.7195e+05,2.8538e+05,3.0635e+05,2.9916e+05,2.997e+05,3.5335e+05,3.7168e+05,3.372e+05,3.2614e+05,3.4851e+05,3.5891e+05,3.5612e+05,3.6388e+05,3.4714e+05,3.1134e+05,3.6264e+05,3.6522e+05,2.6348e+05,3.2852e+05,3.2352e+05,3.4817e+05,3.2233e+05,3.5575e+05,3.6336e+05,2.3623e+05,2.4956e+05,3.1737e+05,3.3972e+05,2.6873e+05,2.3581e+05,2.4093e+05,2.9109e+05,3.6023e+05,2.4401e+05,3.0394e+05,0
NaN,NaN,NaN,NaN,NaN,NaN,NaN,NaN,NaN,NaN,NaN,NaN,NaN,NaN,NaN,NaN,NaN,NaN,NaN,NaN,NaN,NaN,NaN,NaN,NaN,NaN,NaN,NaN,NaN,NaN,NaN,NaN,NaN,NaN,NaN,NaN,NaN,NaN,NaN,NaN,NaN,NaN,NaN,NaN,NaN,NaN,NaN,NaN,NaN,NaN,NaN,NaN,NaN,NaN,NaN,NaN,NaN,NaN,NaN,NaN,NaN,NaN,NaN,NaN,NaN,NaN,NaN,NaN,NaN,NaN,NaN,NaN,NaN,NaN,NaN,NaN,NaN,NaN,NaN,NaN,NaN,NaN,NaN,NaN,NaN,NaN,NaN,NaN,NaN,NaN,NaN,NaN,NaN,NaN,NaN,NaN,NaN,NaN,NaN,NaN,NaN,NaN,NaN,NaN,NaN,NaN,NaN,NaN,NaN,NaN,NaN,NaN,NaN,NaN,NaN,NaN,NaN,NaN,NaN,NaN,NaN,NaN,NaN,NaN,NaN,NaN,NaN,NaN,NaN,NaN,NaN,NaN,NaN,NaN,NaN,NaN,NaN,NaN,NaN,NaN,NaN,NaN,NaN,NaN,NaN,NaN,NaN,NaN,NaN,NaN,NaN,NaN,NaN,NaN,NaN,NaN,NaN,NaN,NaN,NaN,NaN,NaN,NaN,NaN,NaN,NaN,NaN,NaN,NaN,NaN,NaN,NaN,NaN,NaN,NaN,NaN,NaN,NaN,0
1.255e+05,NaN,0,38525,2.1079e+05,49165,20608,72751,87900,1.5772e+05,68370,13112,1.6409e+05,1.3176e+05,54431,81148,15346,67775,32718,67678,67706,2431,3359,46960,1.0474e+05,1.9488e+05,2.0364e+05,1.7466e+05,1.6152e+05,1.4517e+05,1.4193e+05,1.9227e+05,1.7304e+05,1.4255e+05,1.9356e+05,1.3777e+05,1.6413e+05,1.5827e+05,1.3631e+05,1.4314e+05,63418,1.6744e+05,1.2041e+05,2.2614e+05,2.1634e+05,1.6375e+05,1.847e+05,1.3056e+05,1.6139e+05,1.2646e+05,1.1998e+05,1.7605e+05,1.7777e+05,1.6941e+05,1.9477e+05,63476,99949,23641,1.0749e+05,26588,86958,62988,1.1767e+05,39416,1.303e+05,2.0706e+05,1.3086e+05,1.4304e+05,1.8391e+05,1.8296e+05,1.5312e+05,1.2017e+05,1.3398e+05,62054,1.1595e+05,69183,49178,39099,36534,2.2472e+05,30568,29837,37735,1.4521e+05,1.0026e+05,NaN,75268,49071,1.5926e+05,1.4736e+05,1.7446e+05,2.2652e+05,2.5364e+05,2.4108e+05,2.1381e+05,2.4196e+05,1.802e+05,2.4573e+05,2.3582e+05,2.3379e+05,2.2812e+05,2.1919e+05,2.1044e+05,1.9867e+05,1.9725e+05,2.2024e+05,2.3446e+05,2.2188e+05,2.2787e+05,2.2173e+05,2.0913e+05,2.1384e+05,2.262e+05,2.0454e+05,2.0638e+05,2.2243e+05,1.9259e+05,1.8694e+05,1.1061e+05,1.0242e+05,33113,35258,98942,78783,1.2782e+05,1.0797e+05,1.3384e+05,1.6895e+05,1.8129e+05,2.3777e+05,2.2704e+05,2.3593e+05,2.1252e+05,1.8017e+05,2.0825e+05,1.4251e+05,1.6954e+05,2.3136e+05,1.4042e+05,1.613e+05,1.5752e+05,2.1836e+05,1.5899e+05,1.4645e+05,1.5988e+05,1.8085e+05,1.7366e+05,1.742e+05,2.2785e+05,2.4618e+05,2.117e+05,2.0064e+05,2.2301e+05,2.3341e+05,2.3062e+05,2.3838e+05,2.2164e+05,1.8584e+05,2.3714e+05,2.3972e+05,1.3798e+05,2.0302e+05,1.9802e+05,2.2267e+05,1.9683e+05,2.3025e+05,2.3786e+05,1.1073e+05,1.2406e+05,1.9187e+05,2.1422e+05,1.4323e+05,1.1031e+05,1.1543e+05,1.6559e+05,2.3473e+05,1.1851e+05,1.7844e+05,0
1.6403e+05,NaN,38525,0,2.4931e+05,10640,59133,1.1128e+05,49375,1.192e+05,1.069e+05,25413,2.0262e+05,1.7028e+05,15906,42623,53871,29250,71243,29153,1.0623e+05,40956,41884,8435,66216,1.5635e+05,1.6511e+05,1.3614e+05,1.23e+05,1.0664e+05,1.0341e+05,1.5374e+05,1.3451e+05,1.0403e+05,1.5503e+05,99246,1.2561e+05,1.1975e+05,97784,1.0461e+05,24893,1.2892e+05,81889,1.8761e+05,1.7781e+05,1.2522e+05,1.4617e+05,92036,1.2286e+05,87932,81456,1.3752e+05,1.3925e+05,1.3088e+05,1.5625e+05,24951,61424,14884,68960,65113,48433,24463,79149,891,91773,1.6853e+05,92330,1.0451e+05,1.4539e+05,1.4444e+05,1.146e+05,81649,95456,23529,77422,30658,10653,574,1991,1.8619e+05,7957,68362,790,1.0669e+05,61734,NaN,36743,10546,1.2073e+05,1.0883e+05,1.3593e+05,1.88e+05,2.1512e+05,2.0256e+05,1.7528e+05,2.0343e+05,1.4168e+05,2.072e+05,1.973e+05,1.9526e+05,1.8959e+05,1.8067e+05,1.7191e+05,1.6014e+05,1.5872e+05,1.8172e+05,1.9593e+05,1.8336e+05,1.8935e+05,1.8321e+05,1.706e+05,1.7532e+05,1.8767e+05,1.6602e+05,1.6786e+05,1.8391e+05,1.5406e+05,1.4841e+05,72084,63890,5412,3267,60417,40258,89297,69441,95311,1.3042e+05,1.4276e+05,1.9924e+05,1.8851e+05,1.974e+05,1.7399e+05,1.4164e+05,1.6972e+05,1.0399e+05,1.3101e+05,1.9284e+05,1.0189e+05,1.2278e+05,1.19e+05,1.7983e+05,1.2046e+05,1.0792e+05,1.2136e+05,1.4232e+05,1.3513e+05,1.3568e+05,1.8933e+05,2.0765e+05,1.7317e+05,1.6211e+05,1.8449e+05,1.9489e+05,1.921e+05,1.9986e+05,1.8311e+05,1.4731e+05,1.9862e+05,2.0119e+05,99452,1.645e+05,1.595e+05,1.8415e+05,1.5831e+05,1.9173e+05,1.9934e+05,72205,85530,1.5334e+05,1.757e+05,1.047e+05,71783,76908,1.2706e+05,1.962e+05,79987,1.3991e+05,0
85286,NaN,2.1079e+05,2.4931e+05,0,2.5995e+05,1.9018e+05,1.3804e+05,2.9869e+05,3.6851e+05,1.4242e+05,2.239e+05,46692,79031,2.6522e+05,2.9193e+05,1.9544e+05,2.7856e+05,1.7807e+05,2.7846e+05,1.4308e+05,2.0836e+05,2.0743e+05,2.5775e+05,3.1553e+05,4.0566e+05,4.1442e+05,3.8545e+05,3.7231e+05,3.5596e+05,3.5272e+05,4.0305e+05,3.8382e+05,3.5334e+05,4.0435e+05,3.4856e+05,3.7492e+05,3.6906e+05,3.471e+05,3.5392e+05,2.742e+05,3.7823e+05,3.312e+05,4.3692e+05,4.2713e+05,3.7453e+05,3.9548e+05,3.4135e+05,3.7217e+05,3.3724e+05,3.3077e+05,3.8683e+05,3.8856e+05,3.8019e+05,4.0556e+05,2.7426e+05,3.1074e+05,2.3443e+05,3.1827e+05,1.842e+05,2.9774e+05,2.7377e+05,3.2846e+05,2.502e+05,3.4108e+05,4.1784e+05,3.4164e+05,3.5382e+05,3.947e+05,3.9375e+05,3.6391e+05,3.3096e+05,3.4477e+05,2.7284e+05,3.2673e+05,2.7997e+05,2.5996e+05,2.4989e+05,2.4732e+05,4.355e+05,2.4135e+05,1.8095e+05,2.4852e+05,3.56e+05,3.1105e+05,NaN,2.8605e+05,2.5986e+05,3.7004e+05,3.5814e+05,3.8524e+05,4.3731e+05,4.6443e+05,4.5187e+05,4.2459e+05,4.5275e+05,3.9099e+05,4.5651e+05,4.4661e+05,4.4457e+05,4.389e+05,4.2998e+05,4.2122e+05,4.0946e+05,4.0803e+05,4.3103e+05,4.4524e+05,4.3267e+05,4.3866e+05,4.3252e+05,4.1991e+05,4.2463e+05,4.3698e+05,4.1533e+05,4.1717e+05,4.3322e+05,4.0337e+05,3.9772e+05,3.214e+05,3.132e+05,2.439e+05,2.4604e+05,3.0973e+05,2.8957e+05,3.3861e+05,3.1875e+05,3.4462e+05,3.7973e+05,3.9207e+05,4.4856e+05,4.3782e+05,4.4671e+05,4.233e+05,3.9096e+05,4.1904e+05,3.533e+05,3.8032e+05,4.4215e+05,3.512e+05,3.7209e+05,3.6831e+05,4.2914e+05,3.6978e+05,3.5723e+05,3.7067e+05,3.9163e+05,3.8444e+05,3.8499e+05,4.3864e+05,4.5696e+05,4.2248e+05,4.1143e+05,4.338e+05,4.442e+05,4.4141e+05,4.4917e+05,4.3243e+05,3.9662e+05,4.4793e+05,4.5051e+05,3.4876e+05,4.1381e+05,4.0881e+05,4.3346e+05,4.0762e+05,4.4104e+05,4.4865e+05,3.2152e+05,3.3484e+05,4.0265e+05,4.2501e+05,3.5401e+05,3.2109e+05,3.2622e+05,3.7637e+05,4.4551e+05,3.293e+05,3.8922e+05,0
1.7467e+05,NaN,49165,10640,2.5995e+05,0,69773,1.2192e+05,38735,1.0856e+05,1.1754e+05,36053,2.1326e+05,1.8092e+05,5266,31983,64511,18610,81883,18513,1.1687e+05,51596,52524,2205,55576,1.4571e+05,1.5447e+05,1.255e+05,1.1236e+05,96004,92769,1.431e+05,1.2387e+05,93385,1.4439e+05,88606,1.1497e+05,1.0911e+05,87144,93973,14253,1.1828e+05,71249,1.7697e+05,1.6717e+05,1.1458e+05,1.3553e+05,81396,1.1222e+05,77292,70816,1.2688e+05,1.2861e+05,1.2024e+05,1.4561e+05,14311,50784,25524,58320,75753,37793,13823,68509,9749,81133,1.5789e+05,81690,93872,1.3475e+05,1.338e+05,1.0396e+05,71009,84816,12889,66782,20018,13,10066,12631,1.7555e+05,18597,79002,11430,96049,51094,NaN,26103,94,1.1009e+05,98192,1.2529e+05,1.7736e+05,2.0448e+05,1.9192e+05,1.6464e+05,1.9279e+05,1.3104e+05,1.9656e+05,1.8666e+05,1.8462e+05,1.7895e+05,1.7003e+05,1.6127e+05,1.495e+05,1.4808e+05,1.7108e+05,1.8529e+05,1.7272e+05,1.7871e+05,1.7257e+05,1.5996e+05,1.6468e+05,1.7703e+05,1.5538e+05,1.5722e+05,1.7327e+05,1.4342e+05,1.3777e+05,61444,53250,16052,13907,49777,29618,78657,58801,84671,1.1978e+05,1.3212e+05,1.886e+05,1.7787e+05,1.8676e+05,1.6335e+05,1.31e+05,1.5908e+05,93347,1.2037e+05,1.822e+05,91250,1.1214e+05,1.0836e+05,1.6919e+05,1.0982e+05,97282,1.1072e+05,1.3168e+05,1.2449e+05,1.2504e+05,1.7869e+05,1.9701e+05,1.6253e+05,1.5147e+05,1.7385e+05,1.8425e+05,1.8146e+05,1.8922e+05,1.7247e+05,1.3667e+05,1.8798e+05,1.9055e+05,88812,1.5386e+05,1.4886e+05,1.7351e+05,1.4767e+05,1.8109e+05,1.887e+05,61565,74890,1.427e+05,1.6506e+05,94063,61143,66268,1.1642e+05,1.8556e+05,69347,1.2927e+05,0
1.0489e+05,NaN,20608,59133,1.9018e+05,69773,0,52143,1.0851e+05,1.7833e+05,47762,33720,1.4349e+05,1.1115e+05,75039,1.0176e+05,5262,88383,12110,88286,47098,18177,17249,67568,1.2535e+05,2.1549e+05,2.2425e+05,1.9527e+05,1.8213e+05,1.6578e+05,1.6254e+05,2.1288e+05,1.9364e+05,1.6316e+05,2.1417e+05,1.5838e+05,1.8474e+05,1.7888e+05,1.5692e+05,1.6375e+05,84026,1.8805e+05,1.4102e+05,2.4675e+05,2.3695e+05,1.8436e+05,2.0531e+05,1.5117e+05,1.82e+05,1.4707e+05,1.4059e+05,1.9665e+05,1.9838e+05,1.9002e+05,2.1538e+05,84084,1.2056e+05,44249,1.2809e+05,5980,1.0757e+05,83596,1.3828e+05,60024,1.5091e+05,2.2766e+05,1.5146e+05,1.6365e+05,2.0452e+05,2.0357e+05,1.7373e+05,1.4078e+05,1.5459e+05,82662,1.3656e+05,89791,69786,59707,57142,2.4533e+05,51176,9229,58343,1.6582e+05,1.2087e+05,NaN,95876,69679,1.7987e+05,1.6797e+05,1.9506e+05,2.4713e+05,2.7425e+05,2.6169e+05,2.3442e+05,2.6257e+05,2.0081e+05,2.6633e+05,2.5643e+05,2.544e+05,2.4873e+05,2.398e+05,2.3104e+05,2.1928e+05,2.1786e+05,2.4085e+05,2.5507e+05,2.4249e+05,2.4848e+05,2.4234e+05,2.2974e+05,2.3445e+05,2.4681e+05,2.2515e+05,2.2699e+05,2.4304e+05,2.132e+05,2.0755e+05,1.3122e+05,1.2302e+05,53721,55866,1.1955e+05,99391,1.4843e+05,1.2857e+05,1.5444e+05,1.8955e+05,2.019e+05,2.5838e+05,2.4764e+05,2.5653e+05,2.3313e+05,2.0078e+05,2.2886e+05,1.6312e+05,1.9014e+05,2.5197e+05,1.6102e+05,1.8191e+05,1.7813e+05,2.3897e+05,1.796e+05,1.6706e+05,1.8049e+05,2.0145e+05,1.9426e+05,1.9481e+05,2.4846e+05,2.6678e+05,2.323e+05,2.2125e+05,2.4362e+05,2.5402e+05,2.5123e+05,2.5899e+05,2.4225e+05,2.0644e+05,2.5775e+05,2.6033e+05,1.5859e+05,2.2363e+05,2.1863e+05,2.4328e+05,2.1744e+05,2.5086e+05,2.5847e+05,1.3134e+05,1.4466e+05,2.1247e+05,2.3483e+05,1.6384e+05,1.3092e+05,1.3604e+05,1.862e+05,2.5533e+05,1.3912e+05,1.9904e+05,0
52749,NaN,72751,1.1128e+05,1.3804e+05,1.2192e+05,52143,0,1.6065e+05,2.3047e+05,4381,85863,91343,59004,1.2718e+05,1.539e+05,57405,1.4053e+05,40033,1.4043e+05,5045,70320,69392,1.1971e+05,1.7749e+05,2.6763e+05,2.7639e+05,2.4741e+05,2.3428e+05,2.1792e+05,2.1469e+05,2.6502e+05,2.4579e+05,2.153e+05,2.6631e+05,2.1052e+05,2.3688e+05,2.3102e+05,2.0906e+05,2.1589e+05,1.3617e+05,2.4019e+05,1.9317e+05,2.9889e+05,2.8909e+05,2.365e+05,2.5745e+05,2.0331e+05,2.3414e+05,1.9921e+05,1.9273e+05,2.488e+05,2.5052e+05,2.4216e+05,2.6753e+05,1.3623e+05,1.727e+05,96392,1.8024e+05,46163,1.5971e+05,1.3574e+05,1.9043e+05,1.1217e+05,2.0305e+05,2.7981e+05,2.0361e+05,2.1579e+05,2.5666e+05,2.5572e+05,2.2587e+05,1.9293e+05,2.0673e+05,1.3481e+05,1.887e+05,1.4193e+05,1.2193e+05,1.1185e+05,1.0929e+05,2.9747e+05,1.0332e+05,42914,1.1049e+05,2.1797e+05,1.7301e+05,NaN,1.4802e+05,1.2182e+05,2.3201e+05,2.2011e+05,2.4721e+05,2.9927e+05,3.2639e+05,3.1383e+05,2.8656e+05,3.1471e+05,2.5295e+05,3.1848e+05,3.0858e+05,3.0654e+05,3.0087e+05,2.9194e+05,2.8319e+05,2.7142e+05,2.7e+05,2.9299e+05,3.0721e+05,2.9463e+05,3.0063e+05,2.9448e+05,2.8188e+05,2.8659e+05,2.9895e+05,2.773e+05,2.7913e+05,2.9518e+05,2.6534e+05,2.5969e+05,1.8336e+05,1.7517e+05,1.0586e+05,1.0801e+05,1.7169e+05,1.5153e+05,2.0057e+05,1.8072e+05,2.0659e+05,2.417e+05,2.5404e+05,3.1052e+05,2.9979e+05,3.0868e+05,2.8527e+05,2.5292e+05,2.81e+05,2.1526e+05,2.4229e+05,3.0411e+05,2.1317e+05,2.3405e+05,2.3027e+05,2.9111e+05,2.3174e+05,2.192e+05,2.3264e+05,2.536e+05,2.4641e+05,2.4695e+05,3.006e+05,3.1893e+05,2.8445e+05,2.7339e+05,2.9576e+05,3.0616e+05,3.0337e+05,3.1113e+05,2.9439e+05,2.5859e+05,3.099e+05,3.1247e+05,2.1073e+05,2.7577e+05,2.7077e+05,2.9543e+05,2.6958e+05,3.03e+05,3.1061e+05,1.8348e+05,1.9681e+05,2.6462e+05,2.8697e+05,2.1598e+05,1.8306e+05,1.8818e+05,2.3834e+05,3.0748e+05,1.9126e+05,2.5119e+05,0
2.134e+05,NaN,87900,49375,2.9869e+05,38735,1.0851e+05,1.6065e+05,0,69823,1.5627e+05,74788,2.5199e+05,2.1966e+05,33469,6752,1.0325e+05,20125,1.2062e+05,20222,1.5561e+05,90331,91259,40940,16841,1.0698e+05,1.1574e+05,86763,73624,57269,54034,1.0437e+05,85136,54650,1.0566e+05,49871,76233,70372,48409,55238,24482,79540,32514,1.3824e+05,1.2844e+05,75847,96798,42661,73488,38557,32081,88146,89872,81507,1.0687e+05,24424,12049,64259,19585,1.1449e+05,942,24912,29774,48484,42398,1.1916e+05,42955,55137,96010,95064,65223,32274,46081,25846,28047,18717,38722,48801,51366,1.3682e+05,57332,1.1774e+05,50165,57314,12359,NaN,12632,38829,71358,59457,86555,1.3862e+05,1.6574e+05,1.5318e+05,1.2591e+05,1.5406e+05,92302,1.5783e+05,1.4792e+05,1.4589e+05,1.4022e+05,1.3129e+05,1.2254e+05,1.1077e+05,1.0935e+05,1.3234e+05,1.4656e+05,1.3398e+05,1.3997e+05,1.3383e+05,1.2123e+05,1.2594e+05,1.383e+05,1.1664e+05,1.1848e+05,1.3453e+05,1.0469e+05,99038,22709,14515,54787,52642,11042,9117,39922,20066,45936,81046,93387,1.4987e+05,1.3914e+05,1.4803e+05,1.2462e+05,92269,1.2035e+05,54612,81636,1.4346e+05,52515,73400,69622,1.3046e+05,71089,58547,71984,92946,85755,86301,1.3995e+05,1.5828e+05,1.238e+05,1.1274e+05,1.3511e+05,1.4551e+05,1.4272e+05,1.5048e+05,1.3374e+05,97936,1.4924e+05,1.5182e+05,50077,1.1512e+05,1.1012e+05,1.3477e+05,1.0893e+05,1.4235e+05,1.4996e+05,22830,36155,1.0397e+05,1.2632e+05,55328,22408,27533,77687,1.4683e+05,30612,90535,0
2.8322e+05,NaN,1.5772e+05,1.192e+05,3.6851e+05,1.0856e+05,1.7833e+05,2.3047e+05,69823,0,2.2609e+05,1.4461e+05,3.2182e+05,2.8948e+05,1.0329e+05,76575,1.7307e+05,89948,1.9044e+05,90045,2.2543e+05,1.6015e+05,1.6108e+05,1.1076e+05,52982,37155,45915,16940,3801,12554,15789,34544,15313,15173,35836,19952,6410,549,21414,14585,94305,9717,37309,68414,58616,6024,26975,27162,3665,31266,37742,18323,20049,11684,37051,94247,57774,1.3408e+05,50238,1.8431e+05,70765,94735,40049,1.1831e+05,27425,49332,26868,14686,26187,25241,4600,37549,23742,95669,41776,88540,1.0855e+05,1.1862e+05,1.2119e+05,66995,1.2716e+05,1.8756e+05,1.1999e+05,12509,57464,NaN,82455,1.0865e+05,1535,10366,16732,68797,95917,83357,56084,84236,22479,88002,78101,76064,70394,61470,52713,40946,39525,62518,76734,64158,70151,64009,51405,56119,68475,46821,48659,64710,34864,29215,47114,55308,1.2461e+05,1.2247e+05,58781,78940,29901,49757,23887,11223,23564,80046,69313,78203,54795,22446,50526,15211,11813,73637,17308,3577,201,60634,1266,11276,2161,23123,15932,16478,70127,88452,53972,42916,65289,75688,72897,80657,63916,28113,79421,81996,19746,45299,40297,64951,39108,72529,80139,46993,33668,34142,56499,14495,47415,42290,7864,77003,39211,20712,0
57130,NaN,68370,1.069e+05,1.4242e+05,1.1754e+05,47762,4381,1.5627e+05,2.2609e+05,0,81482,95724,63385,1.228e+05,1.4952e+05,53024,1.3615e+05,35652,1.3605e+05,664,65939,65011,1.1533e+05,1.7311e+05,2.6325e+05,2.7201e+05,2.4303e+05,2.2989e+05,2.1354e+05,2.103e+05,2.6064e+05,2.4141e+05,2.1092e+05,2.6193e+05,2.0614e+05,2.325e+05,2.2664e+05,2.0468e+05,2.1151e+05,1.3179e+05,2.3581e+05,1.8878e+05,2.9451e+05,2.8471e+05,2.3212e+05,2.5307e+05,1.9893e+05,2.2976e+05,1.9483e+05,1.8835e+05,2.4442e+05,2.4614e+05,2.3778e+05,2.6314e+05,1.3185e+05,1.6832e+05,92011,1.7586e+05,41782,1.5533e+05,1.3136e+05,1.8604e+05,1.0779e+05,1.9867e+05,2.7543e+05,1.9923e+05,2.1141e+05,2.5228e+05,2.5133e+05,2.2149e+05,1.8854e+05,2.0235e+05,1.3042e+05,1.8432e+05,1.3755e+05,1.1755e+05,1.0747e+05,1.049e+05,2.9309e+05,98938,38533,1.0611e+05,2.1358e+05,1.6863e+05,NaN,1.4364e+05,1.1744e+05,2.2763e+05,2.1573e+05,2.4283e+05,2.9489e+05,3.2201e+05,3.0945e+05,2.8218e+05,3.1033e+05,2.4857e+05,3.141e+05,3.0419e+05,3.0216e+05,2.9649e+05,2.8756e+05,2.7881e+05,2.6704e+05,2.6562e+05,2.8861e+05,3.0283e+05,2.9025e+05,2.9624e+05,2.901e+05,2.775e+05,2.8221e+05,2.9457e+05,2.7291e+05,2.7475e+05,2.908e+05,2.6096e+05,2.5531e+05,1.7898e+05,1.7079e+05,1.0148e+05,1.0363e+05,1.6731e+05,1.4715e+05,1.9619e+05,1.7634e+05,2.0221e+05,2.3732e+05,2.4966e+05,3.0614e+05,2.9541e+05,3.043e+05,2.8089e+05,2.4854e+05,2.7662e+05,2.1088e+05,2.3791e+05,2.9973e+05,2.0879e+05,2.2967e+05,2.2589e+05,2.8673e+05,2.2736e+05,2.1482e+05,2.2825e+05,2.4922e+05,2.4203e+05,2.4257e+05,2.9622e+05,3.1455e+05,2.8007e+05,2.6901e+05,2.9138e+05,3.0178e+05,2.9899e+05,3.0675e+05,2.9001e+05,2.5421e+05,3.0551e+05,3.0809e+05,2.0635e+05,2.7139e+05,2.6639e+05,2.9104e+05,2.652e+05,2.9862e+05,3.0623e+05,1.791e+05,1.9243e+05,2.6024e+05,2.8259e+05,2.116e+05,1.7868e+05,1.838e+05,2.3396e+05,3.031e+05,1.8688e+05,2.4681e+05,0
1.3861e+05,NaN,13112,25413,2.239e+05,36053,33720,85863,74788,1.4461e+05,81482,0,1.7721e+05,1.4487e+05,41319,68036,28458,54663,45830,54566,80818,15543,16471,33848,91629,1.8177e+05,1.9053e+05,1.6155e+05,1.4841e+05,1.3206e+05,1.2882e+05,1.7916e+05,1.5992e+05,1.2944e+05,1.8045e+05,1.2466e+05,1.5102e+05,1.4516e+05,1.232e+05,1.3003e+05,50306,1.5433e+05,1.073e+05,2.1303e+05,2.0323e+05,1.5064e+05,1.7159e+05,1.1745e+05,1.4828e+05,1.1335e+05,1.0687e+05,1.6293e+05,1.6466e+05,1.563e+05,1.8166e+05,50364,86837,10529,94373,39700,73846,49876,1.0456e+05,26304,1.1719e+05,1.9394e+05,1.1774e+05,1.2993e+05,1.708e+05,1.6985e+05,1.4001e+05,1.0706e+05,1.2087e+05,48942,1.0284e+05,56071,36066,25987,23422,2.1161e+05,17456,42949,24623,1.321e+05,87147,NaN,62156,35959,1.4615e+05,1.3425e+05,1.6134e+05,2.1341e+05,2.4053e+05,2.2797e+05,2.007e+05,2.2885e+05,1.6709e+05,2.3261e+05,2.2271e+05,2.2068e+05,2.1501e+05,2.0608e+05,1.9732e+05,1.8556e+05,1.8414e+05,2.0713e+05,2.2135e+05,2.0877e+05,2.1476e+05,2.0862e+05,1.9602e+05,2.0073e+05,2.1309e+05,1.9143e+05,1.9327e+05,2.0932e+05,1.7948e+05,1.7383e+05,97497,89303,20001,22146,85830,65671,1.1471e+05,94854,1.2072e+05,1.5583e+05,1.6818e+05,2.2466e+05,2.1392e+05,2.2281e+05,1.9941e+05,1.6706e+05,1.9514e+05,1.294e+05,1.5642e+05,2.1825e+05,1.273e+05,1.4819e+05,1.4441e+05,2.0525e+05,1.4588e+05,1.3334e+05,1.4677e+05,1.6773e+05,1.6054e+05,1.6109e+05,2.1474e+05,2.3306e+05,1.9858e+05,1.8753e+05,2.099e+05,2.203e+05,2.1751e+05,2.2527e+05,2.0853e+05,1.7272e+05,2.2403e+05,2.2661e+05,1.2487e+05,1.8991e+05,1.8491e+05,2.0956e+05,1.8372e+05,2.1714e+05,2.2475e+05,97618,1.1094e+05,1.7875e+05,2.0111e+05,1.3012e+05,97196,1.0232e+05,1.5248e+05,2.2161e+05,1.054e+05,1.6532e+05,0
38594,NaN,1.6409e+05,2.0262e+05,46692,2.1326e+05,1.4349e+05,91343,2.5199e+05,3.2182e+05,95724,1.7721e+05,0,32339,2.1853e+05,2.4524e+05,1.4875e+05,2.3187e+05,1.3138e+05,2.3177e+05,96388,1.6166e+05,1.6074e+05,2.1105e+05,2.6884e+05,3.5897e+05,3.6773e+05,3.3876e+05,3.2562e+05,3.0926e+05,3.0603e+05,3.5636e+05,3.3713e+05,3.0664e+05,3.5765e+05,3.0187e+05,3.2823e+05,3.2237e+05,3.004e+05,3.0723e+05,2.2751e+05,3.3153e+05,2.8451e+05,3.9023e+05,3.8043e+05,3.2784e+05,3.4879e+05,2.9466e+05,3.2548e+05,2.9055e+05,2.8408e+05,3.4014e+05,3.4187e+05,3.335e+05,3.5887e+05,2.2757e+05,2.6404e+05,1.8774e+05,2.7158e+05,1.3751e+05,2.5105e+05,2.2708e+05,2.8177e+05,2.0351e+05,2.9439e+05,3.7115e+05,2.9495e+05,3.0713e+05,3.48e+05,3.4706e+05,3.1722e+05,2.8427e+05,2.9808e+05,2.2615e+05,2.8004e+05,2.3328e+05,2.1327e+05,2.0319e+05,2.0063e+05,3.8881e+05,1.9466e+05,1.3426e+05,2.0183e+05,3.0931e+05,2.6435e+05,NaN,2.3936e+05,2.1317e+05,3.2335e+05,3.1145e+05,3.3855e+05,3.9061e+05,4.1773e+05,4.0517e+05,3.779e+05,4.0605e+05,3.443e+05,4.0982e+05,3.9992e+05,3.9788e+05,3.9221e+05,3.8329e+05,3.7453e+05,3.6276e+05,3.6134e+05,3.8434e+05,3.9855e+05,3.8598e+05,3.9197e+05,3.8583e+05,3.7322e+05,3.7794e+05,3.9029e+05,3.6864e+05,3.7048e+05,3.8653e+05,3.5668e+05,3.5103e+05,2.747e+05,2.6651e+05,1.9721e+05,1.9935e+05,2.6304e+05,2.4288e+05,2.9192e+05,2.7206e+05,2.9793e+05,3.3304e+05,3.4538e+05,4.0186e+05,3.9113e+05,4.0002e+05,3.7661e+05,3.4426e+05,3.7234e+05,3.0661e+05,3.3363e+05,3.9545e+05,3.0451e+05,3.2539e+05,3.2162e+05,3.8245e+05,3.2308e+05,3.1054e+05,3.2398e+05,3.4494e+05,3.3775e+05,3.383e+05,3.9194e+05,4.1027e+05,3.7579e+05,3.6473e+05,3.8711e+05,3.9751e+05,3.9471e+05,4.0247e+05,3.8573e+05,3.4993e+05,4.0124e+05,4.0381e+05,3.0207e+05,3.6712e+05,3.6211e+05,3.8677e+05,3.6093e+05,3.9435e+05,4.0196e+05,2.7482e+05,2.8815e+05,3.5596e+05,3.7832e+05,3.0732e+05,2.744e+05,2.7953e+05,3.2968e+05,3.9882e+05,2.8261e+05,3.4253e+05,0
6255,NaN,1.3176e+05,1.7028e+05,79031,1.8092e+05,1.1115e+05,59004,2.1966e+05,2.8948e+05,63385,1.4487e+05,32339,0,1.8619e+05,2.129e+05,1.1641e+05,1.9953e+05,99037,1.9943e+05,64049,1.2932e+05,1.284e+05,1.7872e+05,2.365e+05,3.2663e+05,3.3539e+05,3.0642e+05,2.9328e+05,2.7692e+05,2.7369e+05,3.2402e+05,3.0479e+05,2.7431e+05,3.2531e+05,2.6953e+05,2.9589e+05,2.9003e+05,2.6806e+05,2.7489e+05,1.9517e+05,2.992e+05,2.5217e+05,3.5789e+05,3.4809e+05,2.955e+05,3.1645e+05,2.6232e+05,2.9314e+05,2.5821e+05,2.5174e+05,3.078e+05,3.0953e+05,3.0116e+05,3.2653e+05,1.9523e+05,2.317e+05,1.554e+05,2.3924e+05,1.0517e+05,2.1871e+05,1.9474e+05,2.4943e+05,1.7117e+05,2.6205e+05,3.3881e+05,2.6261e+05,2.7479e+05,3.1567e+05,3.1472e+05,2.8488e+05,2.5193e+05,2.6574e+05,1.9381e+05,2.477e+05,2.0094e+05,1.8093e+05,1.7085e+05,1.6829e+05,3.5647e+05,1.6232e+05,1.0192e+05,1.6949e+05,2.7697e+05,2.3201e+05,NaN,2.0702e+05,1.8083e+05,2.9101e+05,2.7911e+05,3.0621e+05,3.5828e+05,3.854e+05,3.7284e+05,3.4556e+05,3.7371e+05,3.1196e+05,3.7748e+05,3.6758e+05,3.6554e+05,3.5987e+05,3.5095e+05,3.4219e+05,3.3042e+05,3.29e+05,3.52e+05,3.6621e+05,3.5364e+05,3.5963e+05,3.5349e+05,3.4088e+05,3.456e+05,3.5795e+05,3.363e+05,3.3814e+05,3.5419e+05,3.2434e+05,3.1869e+05,2.4236e+05,2.3417e+05,1.6487e+05,1.6701e+05,2.307e+05,2.1054e+05,2.5958e+05,2.3972e+05,2.6559e+05,3.007e+05,3.1304e+05,3.6952e+05,3.5879e+05,3.6768e+05,3.4427e+05,3.1192e+05,3.4e+05,2.7427e+05,3.0129e+05,3.6312e+05,2.7217e+05,2.9306e+05,2.8928e+05,3.5011e+05,2.9074e+05,2.782e+05,2.9164e+05,3.126e+05,3.0541e+05,3.0596e+05,3.5961e+05,3.7793e+05,3.4345e+05,3.3239e+05,3.5477e+05,3.6517e+05,3.6238e+05,3.7014e+05,3.5339e+05,3.1759e+05,3.689e+05,3.7147e+05,2.6973e+05,3.3478e+05,3.2978e+05,3.5443e+05,3.2859e+05,3.6201e+05,3.6962e+05,2.4249e+05,2.5581e+05,3.2362e+05,3.4598e+05,2.7498e+05,2.4206e+05,2.4719e+05,2.9734e+05,3.6648e+05,2.5027e+05,3.1019e+05,0
1.7993e+05,NaN,54431,15906,2.6522e+05,5266,75039,1.2718e+05,33469,1.0329e+05,1.228e+05,41319,2.1853e+05,1.8619e+05,0,26717,69777,13344,87149,13247,1.2214e+05,56862,57790,7471,50310,1.4045e+05,1.4921e+05,1.2023e+05,1.0709e+05,90738,87503,1.3784e+05,1.1861e+05,88119,1.3913e+05,83340,1.097e+05,1.0384e+05,81878,88707,8987,1.1301e+05,65983,1.7171e+05,1.6191e+05,1.0932e+05,1.3027e+05,76130,1.0696e+05,72026,65550,1.2162e+05,1.2334e+05,1.1498e+05,1.4034e+05,9045,45518,30790,53054,81019,32527,8557,63243,15015,75867,1.5262e+05,76424,88606,1.2948e+05,1.2853e+05,98692,65743,79550,7623,61516,14752,5253,15332,17897,1.7029e+05,23863,84268,16696,90783,45828,NaN,20837,5360,1.0483e+05,92926,1.2002e+05,1.7209e+05,1.9921e+05,1.8665e+05,1.5938e+05,1.8753e+05,1.2577e+05,1.9129e+05,1.8139e+05,1.7936e+05,1.7369e+05,1.6476e+05,1.5601e+05,1.4424e+05,1.4282e+05,1.6581e+05,1.8003e+05,1.6745e+05,1.7344e+05,1.673e+05,1.547e+05,1.5941e+05,1.7177e+05,1.5011e+05,1.5195e+05,1.68e+05,1.3816e+05,1.3251e+05,56178,47984,21318,19173,44511,24352,73391,53535,79405,1.1452e+05,1.2686e+05,1.8334e+05,1.7261e+05,1.815e+05,1.5809e+05,1.2574e+05,1.5382e+05,88081,1.1511e+05,1.7693e+05,85984,1.0687e+05,1.0309e+05,1.6393e+05,1.0456e+05,92016,1.0545e+05,1.2642e+05,1.1922e+05,1.1977e+05,1.7342e+05,1.9174e+05,1.5726e+05,1.4621e+05,1.6858e+05,1.7898e+05,1.7619e+05,1.8395e+05,1.6721e+05,1.3141e+05,1.8271e+05,1.8529e+05,83546,1.4859e+05,1.4359e+05,1.6824e+05,1.424e+05,1.7582e+05,1.8343e+05,56299,69624,1.3743e+05,1.5979e+05,88797,55877,61002,1.1116e+05,1.803e+05,64081,1.24e+05,0
2.0665e+05,NaN,81148,42623,2.9193e+05,31983,1.0176e+05,1.539e+05,6752,76575,1.4952e+05,68036,2.4524e+05,2.129e+05,26717,0,96494,13373,1.1387e+05,13470,1.4885e+05,83579,84507,34188,23593,1.1373e+05,1.2249e+05,93515,80376,64021,60786,1.1112e+05,91888,61402,1.1241e+05,56623,82985,77124,55161,61990,17730,86292,39266,1.4499e+05,1.3519e+05,82599,1.0355e+05,49413,80240,45309,38833,94898,96624,88259,1.1363e+05,17672,18801,57507,26337,1.0774e+05,5810,18160,36526,41732,49150,1.2591e+05,49707,61889,1.0276e+05,1.0182e+05,71975,39026,52833,19094,34799,11965,31970,42049,44614,1.4357e+05,50580,1.1099e+05,43413,64066,19111,NaN,5880,32077,78110,66209,93307,1.4537e+05,1.7249e+05,1.5993e+05,1.3266e+05,1.6081e+05,99054,1.6458e+05,1.5468e+05,1.5264e+05,1.4697e+05,1.3805e+05,1.2929e+05,1.1752e+05,1.161e+05,1.3909e+05,1.5331e+05,1.4073e+05,1.4673e+05,1.4058e+05,1.2798e+05,1.3269e+05,1.4505e+05,1.234e+05,1.2523e+05,1.4129e+05,1.1144e+05,1.0579e+05,29461,21267,48035,45890,17794,2365,46674,26818,52688,87798,1.0014e+05,1.5662e+05,1.4589e+05,1.5478e+05,1.3137e+05,99021,1.271e+05,61364,88388,1.5021e+05,59267,80152,76374,1.3721e+05,77841,65299,78736,99698,92507,93053,1.467e+05,1.6503e+05,1.3055e+05,1.1949e+05,1.4186e+05,1.5226e+05,1.4947e+05,1.5723e+05,1.4049e+05,1.0469e+05,1.56e+05,1.5857e+05,56829,1.2187e+05,1.1687e+05,1.4153e+05,1.1568e+05,1.491e+05,1.5671e+05,29582,42907,1.1072e+05,1.3307e+05,62080,29160,34285,84439,1.5358e+05,37364,97287,0
1.1015e+05,NaN,15346,53871,1.9544e+05,64511,5262,57405,1.0325e+05,1.7307e+05,53024,28458,1.4875e+05,1.1641e+05,69777,96494,0,83121,17372,83024,52360,12915,11987,62306,1.2009e+05,2.1022e+05,2.1898e+05,1.9001e+05,1.7687e+05,1.6052e+05,1.5728e+05,2.0761e+05,1.8838e+05,1.579e+05,2.0891e+05,1.5312e+05,1.7948e+05,1.7362e+05,1.5166e+05,1.5848e+05,78764,1.8279e+05,1.3576e+05,2.4148e+05,2.3169e+05,1.7909e+05,2.0004e+05,1.4591e+05,1.7673e+05,1.418e+05,1.3533e+05,1.9139e+05,1.9312e+05,1.8475e+05,2.1012e+05,78822,1.153e+05,38987,1.2283e+05,11242,1.023e+05,78334,1.3302e+05,54762,1.4564e+05,2.224e+05,1.462e+05,1.5838e+05,1.9926e+05,1.9831e+05,1.6847e+05,1.3552e+05,1.4933e+05,77400,1.3129e+05,84529,64524,54445,51880,2.4006e+05,45914,14491,53081,1.6056e+05,1.1561e+05,NaN,90614,64417,1.746e+05,1.627e+05,1.898e+05,2.4187e+05,2.6899e+05,2.5643e+05,2.2915e+05,2.5731e+05,1.9555e+05,2.6107e+05,2.5117e+05,2.4913e+05,2.4346e+05,2.3454e+05,2.2578e+05,2.1402e+05,2.1259e+05,2.3559e+05,2.498e+05,2.3723e+05,2.4322e+05,2.3708e+05,2.2447e+05,2.2919e+05,2.4154e+05,2.1989e+05,2.2173e+05,2.3778e+05,2.0793e+05,2.0228e+05,1.2596e+05,1.1776e+05,48459,50604,1.1429e+05,94129,1.4317e+05,1.2331e+05,1.4918e+05,1.8429e+05,1.9663e+05,2.5312e+05,2.4238e+05,2.5127e+05,2.2786e+05,1.9552e+05,2.236e+05,1.5786e+05,1.8488e+05,2.4671e+05,1.5576e+05,1.7665e+05,1.7287e+05,2.337e+05,1.7434e+05,1.6179e+05,1.7523e+05,1.9619e+05,1.89e+05,1.8955e+05,2.432e+05,2.6152e+05,2.2704e+05,2.1599e+05,2.3836e+05,2.4876e+05,2.4597e+05,2.5373e+05,2.3699e+05,2.0118e+05,2.5249e+05,2.5507e+05,1.5332e+05,2.1837e+05,2.1337e+05,2.3802e+05,2.1218e+05,2.456e+05,2.5321e+05,1.2608e+05,1.394e+05,2.0721e+05,2.2957e+05,1.5857e+05,1.2565e+05,1.3078e+05,1.8093e+05,2.5007e+05,1.3386e+05,1.9378e+05,0
1.9328e+05,NaN,67775,29250,2.7856e+05,18610,88383,1.4053e+05,20125,89948,1.3615e+05,54663,2.3187e+05,1.9953e+05,13344,13373,83121,0,1.0049e+05,97,1.3548e+05,70206,71134,20815,36966,1.271e+05,1.3586e+05,1.0689e+05,93749,77394,74159,1.2449e+05,1.0526e+05,74775,1.2578e+05,69996,96358,90497,68534,75363,4357,99665,52639,1.5836e+05,1.4856e+05,95972,1.1692e+05,62786,93613,58682,52206,1.0827e+05,1.1e+05,1.0163e+05,1.27e+05,4299,32174,44134,39710,94363,19183,4787,49899,28359,62523,1.3928e+05,63080,75262,1.1614e+05,1.1519e+05,85348,52399,66206,5721,48172,1408,18597,28676,31241,1.5694e+05,37207,97612,30040,77439,32484,NaN,7493,18704,91483,79582,1.0668e+05,1.5875e+05,1.8587e+05,1.7331e+05,1.4603e+05,1.7418e+05,1.1243e+05,1.7795e+05,1.6805e+05,1.6601e+05,1.6034e+05,1.5142e+05,1.4266e+05,1.3089e+05,1.2947e+05,1.5247e+05,1.6668e+05,1.5411e+05,1.601e+05,1.5396e+05,1.4135e+05,1.4607e+05,1.5842e+05,1.3677e+05,1.3861e+05,1.5466e+05,1.2481e+05,1.1916e+05,42834,34640,34662,32517,31167,11008,60047,40191,66061,1.0117e+05,1.1351e+05,1.6999e+05,1.5926e+05,1.6815e+05,1.4474e+05,1.1239e+05,1.4047e+05,74737,1.0176e+05,1.6359e+05,72640,93525,89747,1.5058e+05,91214,78672,92109,1.1307e+05,1.0588e+05,1.0643e+05,1.6008e+05,1.784e+05,1.4392e+05,1.3286e+05,1.5524e+05,1.6564e+05,1.6285e+05,1.7061e+05,1.5386e+05,1.1806e+05,1.6937e+05,1.7194e+05,70202,1.3525e+05,1.3025e+05,1.549e+05,1.2906e+05,1.6248e+05,1.7009e+05,42955,56280,1.2409e+05,1.4645e+05,75453,42533,47658,97812,1.6695e+05,50737,1.1066e+05,0
92782,NaN,32718,71243,1.7807e+05,81883,12110,40033,1.2062e+05,1.9044e+05,35652,45830,1.3138e+05,99037,87149,1.1387e+05,17372,1.0049e+05,0,1.004e+05,34988,30287,29359,79678,1.3746e+05,2.276e+05,2.3636e+05,2.0738e+05,1.9424e+05,1.7789e+05,1.7465e+05,2.2499e+05,2.0575e+05,1.7527e+05,2.2628e+05,1.7049e+05,1.9685e+05,1.9099e+05,1.6903e+05,1.7586e+05,96136,2.0016e+05,1.5313e+05,2.5886e+05,2.4906e+05,1.9647e+05,2.1742e+05,1.6328e+05,1.9411e+05,1.5918e+05,1.527e+05,2.0876e+05,2.1049e+05,2.0213e+05,2.2749e+05,96194,1.3267e+05,56359,1.402e+05,6130,1.1968e+05,95706,1.5039e+05,72134,1.6302e+05,2.3977e+05,1.6357e+05,1.7576e+05,2.1663e+05,2.1568e+05,1.8584e+05,1.5289e+05,1.667e+05,94772,1.4867e+05,1.019e+05,81896,71817,69252,2.5744e+05,63286,2881,70453,1.7793e+05,1.3298e+05,NaN,1.0799e+05,81789,1.9198e+05,1.8008e+05,2.0717e+05,2.5924e+05,2.8636e+05,2.738e+05,2.4653e+05,2.7468e+05,2.1292e+05,2.7844e+05,2.6854e+05,2.6651e+05,2.6084e+05,2.5191e+05,2.4315e+05,2.3139e+05,2.2997e+05,2.5296e+05,2.6718e+05,2.546e+05,2.6059e+05,2.5445e+05,2.4185e+05,2.4656e+05,2.5892e+05,2.3726e+05,2.391e+05,2.5515e+05,2.2531e+05,2.1966e+05,1.4333e+05,1.3513e+05,65831,67976,1.3166e+05,1.115e+05,1.6054e+05,1.4068e+05,1.6655e+05,2.0166e+05,2.1401e+05,2.7049e+05,2.5975e+05,2.6864e+05,2.4524e+05,2.1289e+05,2.4097e+05,1.7523e+05,2.0225e+05,2.6408e+05,1.7313e+05,1.9402e+05,1.9024e+05,2.5108e+05,1.9171e+05,1.7917e+05,1.926e+05,2.1356e+05,2.0637e+05,2.0692e+05,2.6057e+05,2.7889e+05,2.4441e+05,2.3336e+05,2.5573e+05,2.6613e+05,2.6334e+05,2.711e+05,2.5436e+05,2.1855e+05,2.6986e+05,2.7244e+05,1.707e+05,2.3574e+05,2.3074e+05,2.5539e+05,2.2955e+05,2.6297e+05,2.7058e+05,1.4345e+05,1.5677e+05,2.2458e+05,2.4694e+05,1.7595e+05,1.4303e+05,1.4815e+05,1.9831e+05,2.6744e+05,1.5123e+05,2.1115e+05,0
1.9318e+05,NaN,67678,29153,2.7846e+05,18513,88286,1.4043e+05,20222,90045,1.3605e+05,54566,2.3177e+05,1.9943e+05,13247,13470,83024,97,1.004e+05,0,1.3538e+05,70109,71037,20718,37063,1.272e+05,1.3596e+05,1.0699e+05,93846,77491,74256,1.2459e+05,1.0536e+05,74872,1.2588e+05,70093,96455,90594,68631,75460,4260,99762,52736,1.5846e+05,1.4866e+05,96069,1.1702e+05,62883,93710,58779,52303,1.0837e+05,1.1009e+05,1.0173e+05,1.271e+05,4202,32271,44037,39807,94266,19280,4690,49996,28262,62620,1.3938e+05,63177,75359,1.1623e+05,1.1529e+05,85445,52496,66303,5624,48269,1505,18500,28579,31144,1.5704e+05,37110,97515,29943,77536,32581,NaN,7590,18607,91580,79679,1.0678e+05,1.5884e+05,1.8596e+05,1.734e+05,1.4613e+05,1.7428e+05,1.1252e+05,1.7805e+05,1.6815e+05,1.6611e+05,1.6044e+05,1.5152e+05,1.4276e+05,1.3099e+05,1.2957e+05,1.5256e+05,1.6678e+05,1.542e+05,1.602e+05,1.5405e+05,1.4145e+05,1.4616e+05,1.5852e+05,1.3687e+05,1.387e+05,1.5476e+05,1.2491e+05,1.1926e+05,42931,34737,34565,32420,31264,11105,60144,40288,66158,1.0127e+05,1.1361e+05,1.7009e+05,1.5936e+05,1.6825e+05,1.4484e+05,1.1249e+05,1.4057e+05,74834,1.0186e+05,1.6368e+05,72737,93622,89844,1.5068e+05,91311,78769,92206,1.1317e+05,1.0598e+05,1.0652e+05,1.6017e+05,1.785e+05,1.4402e+05,1.3296e+05,1.5533e+05,1.6573e+05,1.6294e+05,1.707e+05,1.5396e+05,1.1816e+05,1.6947e+05,1.7204e+05,70299,1.3534e+05,1.3034e+05,1.55e+05,1.2915e+05,1.6257e+05,1.7018e+05,43052,56377,1.2419e+05,1.4654e+05,75550,42630,47755,97909,1.6705e+05,50834,1.1076e+05,0
57794,NaN,67706,1.0623e+05,1.4308e+05,1.1687e+05,47098,5045,1.5561e+05,2.2543e+05,664,80818,96388,64049,1.2214e+05,1.4885e+05,52360,1.3548e+05,34988,1.3538e+05,0,65275,64347,1.1467e+05,1.7245e+05,2.6258e+05,2.7134e+05,2.4237e+05,2.2923e+05,2.1288e+05,2.0964e+05,2.5997e+05,2.4074e+05,2.1026e+05,2.6127e+05,2.0548e+05,2.3184e+05,2.2598e+05,2.0402e+05,2.1084e+05,1.3112e+05,2.3515e+05,1.8812e+05,2.9384e+05,2.8405e+05,2.3145e+05,2.524e+05,1.9827e+05,2.2909e+05,1.9416e+05,1.8769e+05,2.4375e+05,2.4548e+05,2.3711e+05,2.6248e+05,1.3118e+05,1.6766e+05,91347,1.7519e+05,41118,1.5466e+05,1.3069e+05,1.8538e+05,1.0712e+05,1.98e+05,2.7476e+05,1.9856e+05,2.1074e+05,2.5162e+05,2.5067e+05,2.2083e+05,1.8788e+05,2.0169e+05,1.2976e+05,1.8365e+05,1.3689e+05,1.1688e+05,1.0681e+05,1.0424e+05,2.9242e+05,98274,37869,1.0544e+05,2.1292e+05,1.6797e+05,NaN,1.4297e+05,1.1678e+05,2.2696e+05,2.1506e+05,2.4216e+05,2.9423e+05,3.2135e+05,3.0879e+05,2.8151e+05,3.0967e+05,2.4791e+05,3.1343e+05,3.0353e+05,3.0149e+05,2.9582e+05,2.869e+05,2.7814e+05,2.6638e+05,2.6495e+05,2.8795e+05,3.0216e+05,2.8959e+05,2.9558e+05,2.8944e+05,2.7683e+05,2.8155e+05,2.939e+05,2.7225e+05,2.7409e+05,2.9014e+05,2.6029e+05,2.5464e+05,1.7832e+05,1.7012e+05,1.0082e+05,1.0296e+05,1.6665e+05,1.4649e+05,1.9553e+05,1.7567e+05,2.0154e+05,2.3665e+05,2.4899e+05,3.0548e+05,2.9474e+05,3.0363e+05,2.8022e+05,2.4788e+05,2.7596e+05,2.1022e+05,2.3724e+05,2.9907e+05,2.0812e+05,2.2901e+05,2.2523e+05,2.8606e+05,2.267e+05,2.1415e+05,2.2759e+05,2.4855e+05,2.4136e+05,2.4191e+05,2.9556e+05,3.1388e+05,2.794e+05,2.6835e+05,2.9072e+05,3.0112e+05,2.9833e+05,3.0609e+05,2.8935e+05,2.5354e+05,3.0485e+05,3.0743e+05,2.0568e+05,2.7073e+05,2.6573e+05,2.9038e+05,2.6454e+05,2.9796e+05,3.0557e+05,1.7844e+05,1.9176e+05,2.5957e+05,2.8193e+05,2.1093e+05,1.7801e+05,1.8314e+05,2.3329e+05,3.0243e+05,1.8622e+05,2.4614e+05,0
1.2307e+05,NaN,2431,40956,2.0836e+05,51596,18177,70320,90331,1.6015e+05,65939,15543,1.6166e+05,1.2932e+05,56862,83579,12915,70206,30287,70109,65275,0,928,49391,1.0717e+05,1.9731e+05,2.0607e+05,1.7709e+05,1.6396e+05,1.476e+05,1.4437e+05,1.947e+05,1.7547e+05,1.4498e+05,1.9599e+05,1.402e+05,1.6656e+05,1.607e+05,1.3874e+05,1.4557e+05,65849,1.6987e+05,1.2285e+05,2.2857e+05,2.1877e+05,1.6618e+05,1.8713e+05,1.3299e+05,1.6382e+05,1.2889e+05,1.2241e+05,1.7848e+05,1.802e+05,1.7184e+05,1.9721e+05,65907,1.0238e+05,26072,1.0992e+05,24157,89389,65419,1.2011e+05,41847,1.3273e+05,2.0949e+05,1.3329e+05,1.4547e+05,1.8634e+05,1.854e+05,1.5555e+05,1.2261e+05,1.3641e+05,64485,1.1838e+05,71614,51609,41530,38965,2.2715e+05,32999,27406,40166,1.4765e+05,1.0269e+05,NaN,77699,51502,1.6169e+05,1.4979e+05,1.7689e+05,2.2895e+05,2.5607e+05,2.4351e+05,2.1624e+05,2.4439e+05,1.8263e+05,2.4816e+05,2.3826e+05,2.3622e+05,2.3055e+05,2.2162e+05,2.1287e+05,2.011e+05,1.9968e+05,2.2267e+05,2.3689e+05,2.2431e+05,2.3031e+05,2.2416e+05,2.1156e+05,2.1627e+05,2.2863e+05,2.0698e+05,2.0881e+05,2.2486e+05,1.9502e+05,1.8937e+05,1.1304e+05,1.0485e+05,35544,37689,1.0137e+05,81214,1.3025e+05,1.104e+05,1.3627e+05,1.7138e+05,1.8372e+05,2.402e+05,2.2947e+05,2.3836e+05,2.1495e+05,1.826e+05,2.1068e+05,1.4494e+05,1.7197e+05,2.3379e+05,1.4285e+05,1.6373e+05,1.5995e+05,2.2079e+05,1.6142e+05,1.4888e+05,1.6232e+05,1.8328e+05,1.7609e+05,1.7663e+05,2.3028e+05,2.4861e+05,2.1413e+05,2.0307e+05,2.2544e+05,2.3584e+05,2.3305e+05,2.4081e+05,2.2407e+05,1.8827e+05,2.3958e+05,2.4215e+05,1.4041e+05,2.0545e+05,2.0045e+05,2.2511e+05,1.9926e+05,2.3268e+05,2.4029e+05,1.1316e+05,1.2649e+05,1.943e+05,2.1665e+05,1.4566e+05,1.1274e+05,1.1786e+05,1.6802e+05,2.3716e+05,1.2094e+05,1.8087e+05,0
1.2214e+05,NaN,3359,41884,2.0743e+05,52524,17249,69392,91259,1.6108e+05,65011,16471,1.6074e+05,1.284e+05,57790,84507,11987,71134,29359,71037,64347,928,0,50319,1.081e+05,1.9824e+05,2.07e+05,1.7802e+05,1.6488e+05,1.4853e+05,1.4529e+05,1.9563e+05,1.764e+05,1.4591e+05,1.9692e+05,1.4113e+05,1.6749e+05,1.6163e+05,1.3967e+05,1.465e+05,66777,1.708e+05,1.2377e+05,2.295e+05,2.197e+05,1.6711e+05,1.8806e+05,1.3392e+05,1.6475e+05,1.2982e+05,1.2334e+05,1.7941e+05,1.8113e+05,1.7277e+05,1.9813e+05,66835,1.0331e+05,27000,1.1084e+05,23229,90317,66347,1.2103e+05,42775,1.3366e+05,2.1041e+05,1.3421e+05,1.464e+05,1.8727e+05,1.8632e+05,1.5648e+05,1.2353e+05,1.3734e+05,65413,1.1931e+05,72542,52537,42458,39893,2.2808e+05,33927,26478,41094,1.4857e+05,1.0362e+05,NaN,78627,52430,1.6262e+05,1.5072e+05,1.7781e+05,2.2988e+05,2.57e+05,2.4444e+05,2.1717e+05,2.4532e+05,1.8356e+05,2.4908e+05,2.3918e+05,2.3715e+05,2.3148e+05,2.2255e+05,2.138e+05,2.0203e+05,2.0061e+05,2.236e+05,2.3782e+05,2.2524e+05,2.3123e+05,2.2509e+05,2.1249e+05,2.172e+05,2.2956e+05,2.079e+05,2.0974e+05,2.2579e+05,1.9595e+05,1.903e+05,1.1397e+05,1.0577e+05,36472,38617,1.023e+05,82142,1.3118e+05,1.1133e+05,1.372e+05,1.7231e+05,1.8465e+05,2.4113e+05,2.304e+05,2.3929e+05,2.1588e+05,1.8353e+05,2.1161e+05,1.4587e+05,1.729e+05,2.3472e+05,1.4377e+05,1.6466e+05,1.6088e+05,2.2172e+05,1.6235e+05,1.4981e+05,1.6324e+05,1.8421e+05,1.7701e+05,1.7756e+05,2.3121e+05,2.4953e+05,2.1505e+05,2.04e+05,2.2637e+05,2.3677e+05,2.3398e+05,2.4174e+05,2.25e+05,1.892e+05,2.405e+05,2.4308e+05,1.4134e+05,2.0638e+05,2.0138e+05,2.2603e+05,2.0019e+05,2.3361e+05,2.4122e+05,1.1409e+05,1.2741e+05,1.9522e+05,2.1758e+05,1.4659e+05,1.1367e+05,1.1879e+05,1.6895e+05,2.3809e+05,1.2187e+05,1.8179e+05,0
1.7246e+05,NaN,46960,8435,2.5775e+05,2205,67568,1.1971e+05,40940,1.1076e+05,1.1533e+05,33848,2.1105e+05,1.7872e+05,7471,34188,62306,20815,79678,20718,1.1467e+05,49391,50319,0,57781,1.4792e+05,1.5668e+05,1.277e+05,1.1456e+05,98209,94974,1.4531e+05,1.2608e+05,95590,1.466e+05,90811,1.1717e+05,1.1131e+05,89349,96178,16458,1.2048e+05,73454,1.7918e+05,1.6938e+05,1.1679e+05,1.3774e+05,83601,1.1443e+05,79497,73021,1.2909e+05,1.3081e+05,1.2245e+05,1.4781e+05,16516,52989,23319,60525,73548,39998,16028,70714,7544,83338,1.601e+05,83895,96077,1.3695e+05,1.36e+05,1.0616e+05,73214,87021,15094,68987,22223,2218,7861,10426,1.7776e+05,16392,76797,9225,98254,53299,NaN,28308,2111,1.123e+05,1.004e+05,1.275e+05,1.7956e+05,2.0668e+05,1.9412e+05,1.6685e+05,1.95e+05,1.3324e+05,1.9877e+05,1.8886e+05,1.8683e+05,1.8116e+05,1.7223e+05,1.6348e+05,1.5171e+05,1.5029e+05,1.7328e+05,1.875e+05,1.7492e+05,1.8091e+05,1.7477e+05,1.6217e+05,1.6688e+05,1.7924e+05,1.5758e+05,1.5942e+05,1.7547e+05,1.4563e+05,1.3998e+05,63649,55455,13847,11702,51982,31823,80862,61006,86876,1.2199e+05,1.3433e+05,1.9081e+05,1.8008e+05,1.8897e+05,1.6556e+05,1.3321e+05,1.6129e+05,95552,1.2258e+05,1.844e+05,93455,1.1434e+05,1.1056e+05,1.714e+05,1.1203e+05,99487,1.1292e+05,1.3389e+05,1.267e+05,1.2724e+05,1.8089e+05,1.9922e+05,1.6474e+05,1.5368e+05,1.7605e+05,1.8645e+05,1.8366e+05,1.9142e+05,1.7468e+05,1.3888e+05,1.9018e+05,1.9276e+05,91017,1.5606e+05,1.5106e+05,1.7571e+05,1.4987e+05,1.8329e+05,1.909e+05,63770,77095,1.4491e+05,1.6726e+05,96268,63348,68473,1.1863e+05,1.8777e+05,71552,1.3148e+05,0
